GIMP Palette
255 255 255
255 255 255
127 127 127
0 0 131
0 0 136
0 0 140
0 0 144
0 0 148
0 0 153
0 0 157
0 0 145
0 0 149
0 0 170
0 0 174
0 0 178
0 0 182
0 0 187
0 0 191
0 0 195
0 0 199
0 0 183
0 0 187
0 0 212
0 0 216
0 0 221
0 0 225
0 0 229
0 0 233
0 0 238
0 0 242
0 0 221
0 0 225
0 0 255
0 7 247
0 15 239
0 23 231
0 31 223
0 39 215
0 47 207
0 55 199
0 57 172
0 64 164
0 79 175
0 87 167
0 95 159
0 103 151
0 111 143
0 119 135
0 127 127
0 135 119
0 129 100
0 136 93
0 159 95
0 167 87
0 175 79
0 183 71
0 191 63
0 199 55
0 207 47
0 215 39
0 200 28
0 207 21
0 239 15
0 247 7
0 255 0
9 255 0
18 255 0
27 255 0
36 255 0
45 255 0
49 229 0
57 229 0
72 255 0
81 255 0
91 255 0
100 255 0
109 255 0
118 255 0
127 255 0
136 255 0
131 229 0
139 229 0
163 255 0
173 255 0
182 255 0
191 255 0
200 255 0
209 255 0
218 255 0
227 255 0
213 229 0
221 229 0
255 255 0
255 250 0
255 246 0
255 242 0
255 238 0
255 233 0
255 229 0
255 225 0
229 198 0
229 195 0
255 212 0
255 208 0
255 204 0
255 199 0
255 195 0
255 191 0
255 187 0
255 182 0
229 160 0
229 156 0
255 169 0
255 165 0
255 161 0
255 157 0
255 153 0
255 148 0
255 144 0
255 140 0
229 122 0
229 118 0
255 127 0
255 125 0
255 123 0
255 121 0
255 119 0
255 116 0
255 114 0
255 112 0
229 99 0
229 97 0
255 106 0
255 104 0
255 102 0
255 99 0
255 97 0
255 95 0
255 93 0
255 91 0
229 80 0
229 78 0
255 84 0
255 82 0
255 80 0
255 78 0
255 76 0
255 74 0
255 72 0
255 70 0
229 61 0
229 59 0
255 63 0
255 61 0
255 59 0
255 57 0
255 55 0
255 53 0
255 50 0
255 48 0
229 42 0
229 40 0
255 42 0
255 40 0
255 38 0
255 36 0
255 33 0
255 31 0
255 29 0
255 27 0
229 22 0
229 21 0
255 21 0
255 19 0
255 16 0
255 14 0
255 12 0
255 13 0
255 8 0
255 6 0
229 3 0
229 1 0
255 0 0
253 0 0
251 0 0
249 0 0
247 0 0
245 0 0
243 0 0
241 0 0
215 0 0
214 0 0
235 0 0
234 0 0
232 0 0
230 0 0
228 0 0
226 0 0
224 0 0
222 0 0
198 0 0
196 0 0
216 0 0
215 0 0
213 0 0
211 0 0
209 0 0
207 0 0
205 0 0
203 0 0
181 0 0
179 0 0
197 0 0
196 0 0
194 0 0
192 0 0
190 0 0
188 0 0
186 0 0
184 0 0
164 0 0
162 0 0
178 0 0
176 0 0
175 0 0
173 0 0
171 0 0
169 0 0
167 0 0
165 0 0
147 0 0
145 0 0
159 0 0
157 0 0
156 0 0
154 0 0
152 0 0
150 0 0
148 0 0
146 0 0
130 0 0
128 0 0
140 0 0
138 0 0
137 0 0
135 0 0
133 0 0
131 0 0
129 0 0
127 0 0
113 0 0
111 0 0
121 0 0
119 0 0
117 0 0
117 0 0
