GIMP Palette
251 0 3
251 0 3
251 0 9
251 1 15
252 1 22
252 2 28
253 2 34
252 4 41
252 5 48
251 7 55
251 8 62
250 7 66
250 9 73
249 13 81
249 8 84
249 15 94
248 17 100
248 18 106
247 20 112
247 21 118
246 23 124
246 24 130
246 26 135
245 27 141
245 28 147
244 30 152
244 31 157
243 33 162
243 34 168
243 35 173
242 37 178
242 38 183
241 40 187
241 41 192
241 42 197
240 44 201
240 45 206
240 46 210
239 48 215
239 49 219
239 50 223
238 52 227
238 53 231
237 55 235
235 56 237
230 57 237
226 59 236
222 60 236
217 61 236
213 63 235
209 64 235
205 65 235
201 66 235
197 68 234
194 69 234
190 70 234
186 72 233
183 73 233
179 74 233
176 76 232
173 77 232
169 78 232
166 79 232
163 81 231
160 82 231
157 83 231
154 84 230
151 85 230
148 86 230
145 87 230
143 88 230
140 90 229
137 91 229
135 92 229
133 93 229
130 95 228
128 96 228
126 97 228
124 98 228
122 99 228
120 101 227
118 102 227
116 103 227
114 104 227
112 105 227
111 107 226
109 108 226
109 110 226
110 114 226
111 118 226
113 122 225
114 125 225
115 129 225
116 132 225
117 136 225
118 139 225
119 143 225
121 146 224
122 149 224
123 152 224
125 156 224
125 158 224
126 161 224
127 164 224
128 167 224
129 170 224
131 173 223
132 175 223
133 178 223
135 181 223
136 184 223
137 186 223
138 188 223
139 191 223
140 193 223
140 195 223
141 197 223
142 199 223
144 201 222
145 203 222
146 205 222
147 207 222
148 209 222
149 211 222
150 213 222
151 215 222
152 216 222
153 218 222
154 220 222
155 221 222
156 222 221
157 222 220
158 222 218
159 222 217
160 222 216
161 222 214
162 222 213
163 222 212
164 222 211
165 222 210
166 222 208
167 222 207
168 222 206
169 222 206
170 222 205
171 222 204
171 223 203
172 223 202
174 223 202
174 223 201
175 223 200
176 223 200
177 223 199
178 223 198
179 223 198
180 223 197
181 223 197
182 223 197
183 223 196
184 224 197
185 224 196
185 224 196
186 224 195
187 224 195
188 224 195
189 224 195
190 224 195
190 225 195
191 225 195
192 225 195
193 225 195
194 225 195
195 225 195
196 225 196
197 226 196
199 226 197
200 226 198
202 226 199
203 226 200
204 226 201
206 227 201
207 227 202
208 227 203
210 227 204
211 227 205
212 228 205
213 228 206
214 228 207
215 228 208
216 228 209
217 229 209
218 229 210
219 229 211
220 229 212
220 229 212
221 229 213
222 230 213
223 230 214
224 230 215
225 230 216
226 231 216
226 231 217
227 232 218
228 232 218
228 232 219
229 232 220
230 232 221
230 233 221
231 233 222
232 233 223
232 234 223
233 234 224
233 234 225
234 234 226
235 235 226
235 235 227
235 235 228
236 236 228
236 236 229
236 236 230
237 236 230
237 236 231
237 237 232
238 237 232
238 237 233
239 237 233
239 238 234
239 238 235
240 238 235
240 239 236
240 239 237
241 239 237
242 240 238
242 240 238
242 241 239
242 241 240
243 242 240
243 242 241
244 242 241
244 243 242
244 243 243
245 244 243
245 244 244
246 245 244
246 245 245
246 246 246
247 246 246
247 247 247
248 247 247
248 248 248
249 248 248
249 249 249
250 249 249
250 250 250
251 250 250
251 250 250
