GIMP Palette
0 0 0
0 36 0
0 72 0
0 75 0
0 79 0
0 82 0
0 86 0
0 90 0
0 93 0
0 97 0
0 100 0
0 104 0
0 108 0
0 117 0
0 126 0
0 135 0
0 144 0
0 153 0
0 162 0
0 171 0
0 180 0
0 189 0
0 198 0
0 207 0
0 216 0
0 225 0
0 234 0
0 243 0
0 252 0
6 249 0
12 246 0
18 243 0
24 240 0
30 234 0
36 228 0
42 222 0
48 216 0
54 210 0
60 204 0
66 198 0
72 192 0
78 186 0
84 180 0
90 174 0
96 168 0
102 162 0
108 156 0
114 150 0
120 144 0
126 138 0
132 132 0
138 126 0
144 120 0
150 114 0
156 108 0
162 102 0
168 96 0
174 90 0
180 84 0
186 78 0
192 72 0
198 66 0
204 60 0
210 54 0
216 48 0
222 42 0
228 36 0
234 30 0
240 24 0
243 18 0
246 12 0
249 6 0
252 0 0
252 0 0
252 0 0
252 0 0
252 0 1
251 0 3
250 0 5
249 0 7
248 0 9
248 0 10
248 0 12
248 0 14
248 0 16
247 0 18
246 0 20
245 0 22
244 0 25
243 0 27
242 0 29
241 0 31
240 0 34
240 0 35
239 0 37
238 0 39
237 0 41
236 0 43
236 0 45
236 0 47
236 0 50
235 0 52
234 0 54
233 0 56
232 0 59
231 0 61
230 0 63
229 0 65
228 0 67
228 0 68
228 0 70
228 0 72
228 0 74
227 0 76
226 0 78
225 0 80
224 0 83
223 0 85
222 0 87
221 0 89
220 1 92
219 1 94
218 1 96
217 1 98
216 0 101
216 0 102
216 0 104
216 0 106
216 0 108
215 0 110
214 0 112
213 0 114
212 0 116
211 0 118
210 0 120
209 0 122
208 0 125
207 0 127
206 0 129
205 0 131
204 0 134
204 0 135
204 0 137
204 0 139
204 0 141
203 0 143
202 0 145
201 0 147
200 0 150
199 0 152
198 0 154
197 0 156
196 0 159
196 0 160
196 0 162
196 0 163
196 0 165
195 0 167
194 0 169
193 0 171
192 0 174
191 0 176
190 0 178
189 0 180
188 0 183
187 0 185
186 0 187
185 0 189
184 0 192
184 0 193
184 0 195
184 0 197
184 0 199
183 0 201
182 0 203
181 0 205
180 0 208
179 0 210
178 0 212
177 0 214
176 0 216
176 0 217
176 0 219
176 0 221
176 0 223
175 0 225
174 0 227
173 0 229
172 0 232
171 0 234
170 0 236
169 0 238
168 0 241
167 0 243
166 0 245
165 0 247
164 0 250
164 0 251
164 0 252
164 0 253
164 0 255
163 0 255
162 0 255
161 0 255
160 0 255
159 0 255
158 0 255
157 0 255
156 0 255
155 0 255
154 0 255
153 0 255
152 0 255
152 0 255
152 0 255
152 0 255
152 0 255
151 0 255
150 0 255
149 0 255
148 0 255
151 8 255
154 16 255
157 24 255
160 32 255
163 40 255
166 48 255
169 56 255
172 64 255
176 72 255
180 80 255
184 88 255
188 96 255
191 104 255
194 112 255
197 120 255
200 128 255
203 135 255
206 142 255
209 149 255
212 156 255
215 164 255
218 172 255
221 180 255
224 188 255
228 196 255
232 204 255
236 212 255
240 220 255
243 228 255
246 236 255
249 244 255
252 252 255
253 253 255
254 254 255
255 255 255
