GIMP Palette
33 0 96
33 0 96
32 0 97
31 0 99
31 0 100
30 0 101
29 0 102
28 0 104
27 0 105
26 0 106
25 0 107
24 0 108
23 0 110
22 0 111
21 0 112
20 0 113
19 0 115
17 0 116
16 0 117
15 0 118
14 0 119
12 0 121
11 0 122
13 0 123
8 0 124
7 0 125
5 0 127
4 0 128
2 0 129
1 0 130
0 0 132
0 1 133
0 3 134
0 5 135
0 6 136
0 8 138
0 13 139
0 12 140
0 13 141
0 15 143
0 17 144
0 19 145
0 21 146
0 23 147
0 25 149
0 27 150
0 29 151
0 31 152
0 33 154
0 35 155
0 37 156
0 39 157
0 42 158
0 44 160
0 46 161
0 49 162
0 51 163
0 53 164
0 56 166
0 58 167
0 60 168
0 63 169
0 65 171
0 68 172
0 71 173
0 73 174
0 76 175
0 78 177
0 81 178
0 84 179
0 87 180
0 89 182
0 92 183
0 95 184
0 98 185
0 101 186
0 104 188
0 107 189
0 110 190
0 113 191
0 116 193
0 119 194
0 122 195
0 125 196
0 128 197
0 131 199
0 134 200
0 138 201
0 141 202
0 144 203
0 148 205
0 151 206
0 154 207
0 158 208
0 161 210
0 165 211
0 168 212
0 172 213
0 175 214
0 179 216
0 182 217
0 186 218
0 190 219
0 193 221
0 197 222
0 201 223
0 205 224
0 209 225
0 212 227
0 216 228
0 220 229
0 224 230
0 228 232
0 232 233
0 234 232
0 235 230
0 236 229
0 238 227
0 239 225
0 240 223
0 241 222
0 243 220
0 244 218
0 245 216
0 246 214
0 247 212
0 249 210
0 249 208
0 246 149
0 244 142
0 241 135
0 237 127
2 232 118
4 227 111
5 223 103
7 218 95
8 214 88
13 209 81
11 205 74
13 201 67
14 196 60
15 192 53
17 188 47
18 184 40
19 180 34
20 175 28
21 171 22
29 167 22
36 163 23
42 160 24
48 156 25
53 152 26
58 148 27
61 144 28
65 141 28
68 137 29
70 133 30
72 130 30
73 126 31
74 123 31
74 119 32
74 116 32
75 116 29
75 115 28
76 113 26
76 112 25
76 110 23
77 109 22
76 104 20
77 104 18
78 103 17
79 102 16
80 101 15
81 100 14
83 99 13
84 98 12
85 97 11
86 96 13
88 95 9
89 94 8
91 93 7
92 92 6
91 88 5
94 88 5
96 88 4
98 87 3
100 86 3
102 85 2
104 85 1
106 84 0
108 83 0
109 82 0
111 80 0
112 79 0
113 78 0
115 76 0
116 75 0
117 74 0
119 73 0
120 71 0
121 70 0
123 69 0
124 68 0
125 67 0
127 66 0
128 64 0
129 63 0
131 61 0
132 58 0
133 56 0
135 54 0
136 52 0
137 49 0
138 47 0
140 45 0
141 43 0
142 41 0
144 40 0
145 38 0
146 36 0
148 34 0
149 33 0
150 31 0
152 29 0
153 28 0
154 26 0
156 25 0
157 23 0
158 22 0
160 21 0
161 19 0
162 18 0
164 17 0
165 16 0
166 14 0
168 13 0
169 12 0
170 11 0
172 13 0
173 9 0
174 8 0
175 7 0
177 7 0
178 6 0
179 5 0
181 4 0
182 4 0
183 3 0
185 2 0
186 2 0
187 1 0
189 1 0
190 0 0
191 0 0
193 0 0
193 0 0
