GIMP Palette
0 0 0
150 0 150
150 0 150
150 0 150
150 0 150
150 0 150
150 0 150
150 0 150
150 0 150
150 0 150
150 0 150
150 0 150
150 0 150
150 0 150
150 0 150
150 0 150
200 0 200
200 0 200
200 0 200
200 0 200
200 0 200
200 0 200
200 0 200
200 0 200
200 0 200
200 0 200
200 0 200
200 0 200
200 0 200
200 0 200
200 0 200
200 0 200
100 100 150
100 100 150
100 100 150
100 100 150
100 100 150
100 100 150
100 100 150
100 100 150
100 100 150
100 100 150
100 100 150
100 100 150
100 100 150
100 100 150
100 100 150
100 100 150
100 100 200
100 100 200
100 100 200
100 100 200
100 100 200
100 100 200
100 100 200
100 100 200
100 100 200
100 100 200
100 100 200
100 100 200
100 100 200
100 100 200
100 100 200
100 100 200
100 100 255
100 100 255
100 100 255
100 100 255
100 100 255
100 100 255
100 100 255
100 100 255
100 100 255
100 100 255
100 100 255
100 100 255
100 100 255
100 100 255
100 100 255
100 100 255
0 140 0
0 140 0
0 140 0
0 140 0
0 140 0
0 140 0
0 140 0
0 140 0
0 140 0
0 140 0
0 140 0
0 140 0
0 140 0
0 140 0
0 140 0
0 140 0
150 170 0
150 170 0
150 170 0
150 170 0
150 170 0
150 170 0
150 170 0
150 170 0
150 170 0
150 170 0
150 170 0
150 170 0
150 170 0
150 170 0
150 170 0
150 170 0
200 200 0
200 200 0
200 200 0
200 200 0
200 200 0
200 200 0
200 200 0
200 200 0
200 200 0
200 200 0
200 200 0
200 200 0
200 200 0
200 200 0
200 200 0
200 200 0
150 200 0
150 200 0
150 200 0
150 200 0
150 200 0
150 200 0
150 200 0
150 200 0
150 200 0
150 200 0
150 200 0
150 200 0
150 200 0
150 200 0
150 200 0
150 200 0
200 255 120
200 255 120
200 255 120
200 255 120
200 255 120
200 255 120
200 255 120
200 255 120
200 255 120
200 255 120
200 255 120
200 255 120
200 255 120
200 255 120
200 255 120
200 255 120
255 255 0
255 255 0
255 255 0
255 255 0
255 255 0
255 255 0
255 255 0
255 255 0
255 255 0
255 255 0
255 255 0
255 255 0
255 255 0
255 255 0
255 255 0
255 255 0
255 200 0
255 200 0
255 200 0
255 200 0
255 200 0
255 200 0
255 200 0
255 200 0
255 200 0
255 200 0
255 200 0
255 200 0
255 200 0
255 200 0
255 200 0
255 200 0
255 160 0
255 160 0
255 160 0
255 160 0
255 160 0
255 160 0
255 160 0
255 160 0
255 160 0
255 160 0
255 160 0
255 160 0
255 160 0
255 160 0
255 160 0
255 160 0
255 125 0
255 125 0
255 125 0
255 125 0
255 125 0
255 125 0
255 125 0
255 125 0
255 125 0
255 125 0
255 125 0
255 125 0
255 125 0
255 125 0
255 125 0
255 125 0
200 50 100
200 50 100
200 50 100
200 50 100
200 50 100
200 50 100
200 50 100
200 50 100
200 50 100
200 50 100
200 50 100
200 50 100
200 50 100
200 50 100
200 50 100
200 50 100
175 50 75
175 50 75
175 50 75
175 50 75
175 50 75
175 50 75
175 50 75
175 50 75
175 50 75
175 50 75
175 50 75
175 50 75
175 50 75
175 50 75
255 255 255
255 255 255
