GIMP Palette
255 0 72
255 0 72
255 0 74
255 0 76
255 0 78
255 0 80
255 0 82
255 0 84
255 0 86
255 0 88
255 0 90
255 0 91
255 0 93
255 0 95
255 0 97
255 0 99
255 0 101
255 0 103
255 0 105
255 0 107
255 0 109
255 0 111
255 0 113
255 0 115
255 0 117
255 0 119
255 0 121
255 0 123
255 0 125
255 0 127
255 0 129
255 0 131
255 0 133
255 0 135
255 0 137
255 0 139
255 0 141
255 0 142
255 0 144
255 0 146
255 0 148
255 0 150
255 0 152
255 0 154
255 0 156
255 0 158
255 0 160
255 0 162
255 0 164
255 0 166
255 0 168
255 0 170
255 0 172
255 0 174
255 0 176
255 0 178
255 0 180
255 0 182
255 0 184
255 0 186
255 0 188
255 0 190
255 0 191
255 0 193
255 0 195
255 0 197
255 0 199
255 0 201
255 0 203
255 0 205
255 0 207
255 0 209
255 0 211
255 0 213
255 0 215
255 0 217
255 0 219
255 0 221
255 0 223
255 0 225
255 0 227
255 0 229
255 0 231
255 0 233
255 0 235
255 0 237
255 0 239
255 0 241
255 0 242
255 0 244
255 0 246
255 0 248
255 0 250
255 0 252
255 0 254
253 0 255
251 0 255
249 0 255
247 0 255
245 0 255
243 0 255
241 0 255
239 0 255
237 0 255
235 0 255
233 0 255
231 0 255
229 0 255
227 0 255
225 0 255
223 0 255
221 0 255
219 0 255
217 0 255
216 0 255
214 0 255
212 0 255
210 0 255
208 0 255
206 0 255
204 0 255
202 0 255
200 0 255
198 0 255
196 0 255
194 0 255
192 0 255
190 0 255
188 0 255
186 0 255
0 140 255
0 146 255
0 152 255
0 157 255
0 163 255
0 169 255
0 174 255
0 180 255
0 186 255
0 192 255
0 197 255
0 203 255
0 209 255
0 214 255
0 220 255
0 226 255
0 232 255
0 237 255
0 243 255
0 249 255
0 255 255
0 255 249
0 255 243
0 255 237
0 255 232
0 255 226
0 255 220
0 255 214
0 255 209
0 255 203
0 255 197
0 255 192
0 255 186
0 255 180
0 255 174
0 255 169
0 255 163
0 255 157
0 255 152
0 255 146
0 255 140
0 255 134
0 255 129
0 255 123
0 255 117
0 255 112
0 255 106
0 255 100
0 255 94
0 255 89
0 255 83
0 255 77
0 255 71
0 255 66
0 255 60
0 255 54
0 255 49
0 255 43
0 255 37
0 255 31
0 255 26
0 255 20
0 255 14
0 255 9
0 255 3
2 255 0
8 255 0
13 255 0
19 255 0
25 255 0
30 255 0
36 255 0
42 255 0
48 255 0
53 255 0
59 255 0
65 255 0
71 255 0
76 255 0
82 255 0
88 255 0
93 255 0
99 255 0
105 255 0
111 255 0
116 255 0
122 255 0
128 255 0
133 255 0
139 255 0
145 255 0
151 255 0
156 255 0
162 255 0
168 255 0
173 255 0
179 255 0
185 255 0
191 255 0
196 255 0
202 255 0
208 255 0
214 255 0
219 255 0
225 255 0
231 255 0
236 255 0
242 255 0
248 255 0
254 255 0
255 250 0
255 244 0
255 238 0
255 233 0
255 227 0
255 221 0
255 215 0
255 210 0
255 204 0
255 198 0
255 193 0
255 187 0
255 181 0
255 175 0
255 170 0
255 170 0
