GIMP Palette
64 35 116
64 35 116
60 40 105
57 44 94
54 49 84
51 54 74
48 58 64
45 63 55
42 67 46
40 72 38
37 76 30
35 80 24
32 84 18
30 89 12
28 93 8
26 96 5
24 100 2
22 104 0
20 108 0
19 111 0
17 115 1
16 118 3
14 121 6
13 124 13
12 127 14
11 130 20
13 133 26
9 135 33
9 137 41
8 140 50
7 142 59
7 144 68
7 145 78
7 147 88
7 148 99
7 150 109
7 151 120
7 152 131
7 152 142
8 153 153
8 153 163
9 153 174
13 153 184
11 153 193
12 153 202
13 153 211
14 152 218
15 151 226
17 150 232
18 149 238
20 148 243
22 146 247
23 145 250
25 143 252
27 141 253
30 139 253
32 137 253
34 134 251
37 132 249
39 129 246
42 126 241
44 123 236
47 120 230
50 117 224
53 113 216
56 110 208
59 106 200
63 103 190
66 99 181
70 95 171
73 91 160
77 87 150
80 83 139
84 79 128
88 74 117
92 70 106
96 66 96
100 61 85
104 57 75
109 52 65
113 47 56
117 43 47
122 38 39
126 33 31
131 29 24
136 24 18
140 19 13
145 15 9
150 13 5
155 5 2
160 1 0
165 3 0
170 7 0
175 12 1
180 16 3
186 20 5
191 25 9
196 29 14
201 33 19
207 37 25
212 41 32
218 45 40
223 49 48
229 53 57
234 56 67
240 60 76
246 63 87
251 66 97
253 69 108
247 72 119
241 75 130
236 78 140
230 80 151
224 83 162
218 85 172
213 87 182
207 89 192
201 91 201
195 92 209
189 94 217
183 95 225
178 96 231
172 97 237
166 98 242
160 99 246
154 99 249
148 99 252
143 99 253
137 99 254
131 99 253
125 99 252
120 98 249
114 97 246
108 97 242
103 95 237
97 94 231
92 93 225
86 91 217
80 89 209
75 88 201
70 86 192
64 83 182
59 81 172
53 78 162
48 76 151
43 73 140
38 70 130
33 67 119
28 64 108
23 61 97
18 57 87
13 54 76
8 50 67
3 46 57
1 42 48
5 38 40
13 34 32
15 30 25
19 26 19
23 22 14
28 17 9
32 13 5
36 9 3
40 4 1
44 0 0
48 4 0
52 9 0
56 13 2
60 18 5
63 23 9
67 27 13
70 32 18
73 37 24
77 41 31
80 46 39
83 51 47
86 55 56
89 60 65
92 64 75
94 69 85
97 73 96
100 77 106
102 82 117
104 86 128
107 90 139
109 94 150
111 98 160
113 102 171
114 105 181
116 109 190
118 112 200
119 116 208
121 119 216
122 122 224
123 125 230
124 128 236
125 131 241
126 133 246
127 136 249
128 138 251
128 140 253
129 142 253
129 144 253
129 146 252
129 147 250
129 149 247
129 150 243
129 151 238
129 152 232
129 152 226
128 153 218
127 153 211
127 153 202
126 153 193
125 153 184
124 153 174
123 152 163
122 152 153
120 151 142
119 150 131
117 149 120
116 147 109
114 146 99
112 144 88
110 142 78
108 140 68
106 138 59
103 136 50
101 133 41
99 131 33
96 128 26
93 125 20
91 122 14
88 119 13
85 116 6
82 112 3
79 109 1
75 105 0
72 101 0
69 98 0
65 94 2
62 90 5
58 86 8
54 81 12
50 77 18
47 73 24
43 68 30
39 64 38
34 60 46
30 55 55
26 50 64
22 46 74
17 41 84
13 37 94
8 32 105
8 32 105
