GIMP Palette
253 252 252
253 252 252
251 250 250
250 250 250
250 249 249
249 249 249
249 248 248
248 248 248
248 247 247
247 247 247
247 246 246
246 246 246
246 245 245
246 245 245
245 244 244
245 244 244
244 243 243
244 242 243
244 242 243
243 241 242
243 241 242
242 240 241
242 239 241
242 239 241
241 238 240
241 238 240
240 237 239
240 236 239
240 236 239
239 235 238
239 235 238
239 234 238
238 233 237
238 233 237
238 232 237
237 232 237
237 231 236
236 230 236
236 230 236
236 229 236
235 228 235
235 228 235
235 227 235
235 226 235
234 226 234
233 225 234
233 224 234
232 223 234
232 223 233
231 222 233
231 221 233
230 221 232
229 220 232
229 219 232
228 218 232
227 218 231
226 217 231
226 217 231
225 216 230
224 215 230
223 214 230
223 214 230
222 213 229
221 212 229
220 211 229
219 211 229
218 209 229
217 209 228
216 208 228
215 208 228
214 206 228
213 206 227
212 205 227
211 205 227
210 204 227
208 202 227
207 202 226
206 201 226
205 201 226
204 200 226
202 199 226
200 197 226
199 197 225
198 196 226
196 196 225
195 195 225
194 195 225
192 194 225
192 194 224
191 194 225
191 194 224
190 194 224
189 194 224
188 194 224
187 195 224
185 194 224
185 195 224
184 195 224
183 195 224
183 196 223
182 196 223
181 196 223
180 197 223
179 197 223
178 198 223
177 198 223
176 199 223
175 199 223
174 200 223
173 200 223
172 201 223
172 202 222
171 203 222
170 204 222
169 204 222
168 205 222
167 206 222
166 207 222
165 208 222
165 210 222
164 211 222
163 212 222
162 213 222
161 215 222
160 216 222
159 217 222
158 219 222
157 220 222
156 222 222
155 222 222
154 222 220
153 222 218
152 222 217
151 222 215
149 223 213
148 223 211
147 223 210
146 223 208
145 223 206
144 223 204
143 223 202
142 223 200
140 223 197
139 223 195
138 223 193
138 223 191
137 223 188
136 223 186
135 223 183
134 223 181
132 224 178
131 224 176
130 224 173
129 224 170
128 224 168
127 224 165
126 224 162
125 224 159
124 224 156
122 225 153
121 225 150
120 225 146
119 225 143
118 225 140
118 225 137
116 225 133
114 226 129
113 226 126
112 226 122
111 226 118
111 226 116
109 227 112
108 227 107
109 227 106
111 227 105
114 227 105
115 227 104
117 228 102
118 228 100
120 228 99
123 228 99
125 229 97
127 229 96
129 229 94
131 229 93
134 229 93
137 230 91
139 230 90
141 230 88
144 230 88
147 231 86
150 231 85
152 231 83
155 231 83
158 232 81
161 232 80
164 232 78
167 232 78
171 233 76
174 233 75
177 233 73
181 234 72
184 234 71
188 234 70
192 234 69
195 235 67
199 235 66
203 235 65
207 236 63
211 236 62
216 236 62
220 237 59
224 237 58
228 237 58
233 238 55
237 238 54
238 235 54
239 231 51
239 227 50
240 223 49
240 218 47
240 214 46
241 210 45
241 205 43
241 201 42
242 196 41
242 191 39
243 187 38
243 182 36
243 177 35
244 172 34
244 167 32
245 162 31
245 157 30
245 151 28
246 146 27
246 140 25
247 135 24
247 129 23
247 123 22
248 117 20
248 111 18
249 106 17
249 99 15
250 93 14
250 85 13
251 78 8
251 74 13
252 67 8
252 61 7
253 54 5
253 47 4
254 40 2
254 33 1
254 27 0
254 27 0
