GIMP Palette
1 0 0
1 0 0
1 1 0
2 2 0
2 2 1
2 3 1
3 4 1
3 4 1
4 5 2
4 6 2
4 6 2
5 7 2
5 8 3
5 8 3
6 9 3
6 10 3
7 10 4
7 11 4
7 12 4
8 12 5
8 13 5
9 14 5
9 14 5
9 15 6
10 16 6
10 16 6
10 17 6
11 18 7
11 18 7
12 19 7
12 20 7
12 20 8
13 21 8
13 22 8
13 22 8
14 23 9
14 24 9
15 24 9
15 25 10
15 26 10
16 26 10
16 27 10
17 28 11
17 28 11
17 29 11
18 30 11
18 30 12
18 31 12
19 32 12
19 32 12
20 33 13
20 34 13
20 34 13
21 35 13
21 36 14
21 36 14
22 37 14
22 38 15
23 38 15
23 39 15
23 40 15
24 40 16
24 41 16
25 42 16
25 42 16
25 43 17
26 44 17
26 44 17
26 45 17
27 46 18
27 46 18
28 47 18
28 48 18
28 48 19
29 49 19
29 50 19
29 50 20
30 51 20
30 52 20
31 52 20
31 53 21
31 54 21
32 54 21
32 55 21
33 56 22
33 56 22
33 57 22
34 58 22
34 58 23
34 59 23
35 60 23
35 60 23
36 61 24
36 62 24
36 62 24
37 63 25
37 64 25
37 64 25
38 65 25
38 66 26
39 66 26
39 67 26
39 68 26
40 68 27
40 69 27
41 70 27
41 70 27
41 71 28
42 72 28
42 72 28
42 73 28
43 74 29
43 74 29
44 75 29
44 76 30
44 76 30
45 77 30
45 78 30
45 78 31
46 79 31
46 80 31
47 80 31
47 81 32
47 82 32
48 82 32
48 83 32
49 84 33
49 84 33
49 85 33
50 86 33
50 87 34
50 88 34
51 90 34
51 91 35
52 92 35
52 94 35
52 95 35
54 96 36
54 98 36
55 99 36
56 100 36
56 102 37
57 103 37
58 104 37
58 106 37
59 107 38
60 108 38
60 110 38
61 111 38
62 112 39
62 114 39
63 115 39
64 116 40
64 118 40
66 119 40
68 120 40
70 122 41
71 123 41
73 124 41
75 126 41
77 127 42
79 128 42
81 130 42
83 131 42
85 132 43
86 134 43
88 135 43
90 136 43
92 138 44
94 139 44
96 140 44
98 142 45
99 143 45
101 145 45
103 146 45
105 147 46
107 149 46
109 150 46
111 151 46
113 153 47
114 154 47
116 155 47
118 157 47
120 158 48
122 159 47
124 161 49
126 162 52
127 163 55
129 165 58
131 166 61
133 167 64
135 169 67
137 170 70
139 171 73
141 173 76
142 174 79
144 175 82
146 177 85
148 178 88
150 179 90
152 181 93
154 182 96
156 183 99
157 185 102
159 186 105
161 187 108
163 189 111
165 190 114
167 191 117
169 193 120
170 194 123
172 195 126
174 197 129
176 198 131
178 200 134
180 201 137
182 202 140
184 204 143
185 205 146
187 206 149
189 208 152
191 209 155
193 210 158
195 212 161
197 213 164
198 214 167
200 216 170
202 217 172
204 218 175
206 220 178
208 221 181
210 222 184
212 224 187
213 225 190
215 226 193
217 228 196
219 229 199
221 230 202
223 232 205
225 233 208
226 234 211
228 236 213
230 237 216
232 238 219
234 240 222
236 241 225
238 242 228
240 244 231
241 245 234
243 246 237
245 248 240
247 249 243
249 250 246
251 252 249
253 253 252
255 255 255
