GIMP Palette
255 0 3
255 0 3
255 1 13
255 2 17
255 3 23
255 4 30
255 5 37
255 6 44
255 7 50
255 8 57
255 9 63
255 13 70
255 11 76
255 12 82
255 13 89
255 14 95
255 15 101
255 16 107
255 17 114
255 18 120
255 19 126
255 20 132
255 21 138
255 22 144
255 23 149
255 24 155
255 25 161
255 26 167
255 27 172
255 28 178
255 29 184
255 30 189
255 31 195
255 32 200
255 33 205
255 34 211
255 35 216
255 36 221
255 37 227
255 38 232
255 39 237
255 40 242
255 41 247
255 42 252
252 43 255
247 44 255
242 45 255
237 46 255
233 47 255
228 48 255
223 49 255
219 50 255
214 51 255
210 52 255
205 53 255
201 54 255
196 55 255
192 56 255
188 57 255
184 58 255
179 59 255
175 60 255
171 61 255
167 62 255
163 63 255
159 64 255
155 64 255
151 65 255
147 66 255
144 67 255
140 68 255
136 69 255
133 70 255
129 71 255
125 72 255
122 73 255
118 74 255
115 75 255
112 76 255
108 77 255
105 78 255
102 79 255
99 80 255
95 81 255
92 82 255
89 83 255
86 84 255
85 87 255
86 92 255
87 97 255
88 102 255
89 107 255
90 111 255
91 116 255
92 121 255
93 125 255
94 130 255
95 134 255
96 139 255
97 143 255
98 147 255
99 152 255
100 156 255
101 160 255
102 164 255
103 168 255
104 172 255
105 176 255
106 180 255
107 184 255
108 188 255
109 192 255
110 196 255
111 199 255
112 203 255
113 207 255
114 210 255
115 214 255
116 217 255
117 221 255
118 224 255
119 228 255
120 231 255
121 234 255
122 238 255
123 241 255
124 244 255
125 247 255
126 250 255
127 253 255
128 255 253
129 255 250
130 255 247
131 255 244
132 255 242
133 255 239
134 255 236
135 255 234
136 255 231
137 255 229
138 255 226
139 255 224
140 255 221
141 255 219
142 255 217
143 255 214
144 255 212
145 255 210
146 255 208
147 255 206
148 255 204
149 255 202
150 255 200
151 255 198
152 255 196
153 255 194
154 255 192
155 255 191
156 255 189
157 255 187
158 255 186
159 255 184
160 255 183
161 255 181
162 255 180
163 255 179
164 255 177
165 255 176
166 255 175
167 255 174
168 255 173
169 255 172
170 255 171
172 255 171
175 255 172
177 255 173
180 255 174
183 255 175
186 255 176
188 255 177
191 255 178
194 255 179
196 255 180
199 255 181
201 255 182
203 255 183
206 255 184
208 255 185
210 255 186
213 255 187
215 255 188
217 255 189
219 255 190
221 255 191
223 255 191
225 255 192
227 255 193
229 255 194
230 255 195
232 255 196
234 255 197
236 255 198
237 255 199
239 255 200
240 255 201
242 255 202
243 255 203
245 255 204
246 255 205
247 255 206
248 255 207
250 255 208
251 255 209
252 255 210
253 255 211
254 255 212
255 254 213
255 253 214
255 252 215
255 251 216
255 251 217
255 250 218
255 249 219
255 249 220
255 248 221
255 247 222
255 247 223
255 246 224
255 246 225
255 246 226
255 245 227
255 245 228
255 245 229
255 245 230
255 244 231
255 244 232
255 244 233
255 244 234
255 244 235
255 244 236
255 245 237
255 245 238
255 245 239
255 245 240
255 246 241
255 246 242
255 246 243
255 247 244
255 247 245
255 248 246
255 249 247
255 249 248
255 250 249
255 251 250
255 251 251
255 251 251
