GIMP Palette
0 0 0
0 0 0
127 127 127
191 0 191
188 0 192
186 0 192
184 0 193
182 0 194
179 0 195
177 0 195
140 0 157
138 0 157
170 0 198
168 0 198
165 0 199
163 0 200
161 0 201
158 0 202
156 0 202
154 0 203
121 0 163
119 0 164
147 0 205
145 0 206
142 0 207
140 0 208
138 0 208
135 0 209
133 0 210
131 0 211
103 0 169
101 0 170
124 0 213
122 0 214
119 0 215
117 0 215
115 0 216
112 0 217
110 0 218
108 0 218
84 0 175
82 0 176
101 0 221
99 0 221
96 0 222
94 0 223
92 0 224
89 0 225
87 0 225
85 0 226
66 0 181
64 0 182
78 0 228
76 0 229
73 0 230
71 0 231
69 0 231
66 0 232
64 0 233
62 0 234
47 0 188
46 0 188
55 0 236
52 0 237
50 0 238
48 0 238
46 0 239
43 0 240
41 0 241
39 0 241
29 0 194
27 0 194
32 0 244
29 0 245
27 0 245
25 0 246
23 0 247
20 0 248
18 0 248
16 0 249
11 0 200
9 0 200
9 0 251
6 0 252
4 0 253
2 0 254
0 0 255
0 6 255
0 12 255
0 18 255
0 19 204
0 24 204
0 36 255
0 42 255
0 48 255
0 54 255
0 60 255
0 66 255
0 72 255
0 78 255
0 68 204
0 72 204
0 97 255
0 103 255
0 109 255
0 115 255
0 121 255
0 127 255
0 133 255
0 139 255
0 116 204
0 121 204
0 157 255
0 163 255
0 170 255
0 176 255
0 182 255
0 188 255
0 194 255
0 200 255
0 165 204
0 170 204
0 218 255
0 224 255
0 230 255
0 236 255
0 242 255
0 248 255
0 255 255
0 255 248
0 204 194
0 204 189
0 255 230
0 255 224
0 255 218
0 255 212
0 255 206
0 255 200
0 255 194
0 255 188
0 204 145
0 204 140
0 255 169
0 255 163
0 255 157
0 255 151
0 255 145
0 255 139
0 255 133
0 255 127
0 204 97
0 204 92
0 255 109
0 255 103
0 255 97
0 255 91
0 255 84
0 255 78
0 255 72
0 255 66
0 204 48
0 204 43
0 255 48
0 255 42
0 255 36
0 255 30
0 255 24
0 255 18
0 255 12
0 255 6
0 204 0
4 204 0
12 255 0
18 255 0
24 255 0
30 255 0
36 255 0
42 255 0
48 255 0
54 255 0
48 204 0
53 204 0
72 255 0
78 255 0
85 255 0
91 255 0
97 255 0
103 255 0
109 255 0
115 255 0
97 204 0
102 204 0
133 255 0
139 255 0
145 255 0
151 255 0
157 255 0
163 255 0
170 255 0
176 255 0
145 204 0
150 204 0
194 255 0
200 255 0
206 255 0
212 255 0
218 255 0
224 255 0
230 255 0
236 255 0
194 204 0
199 204 0
255 255 0
255 248 2
255 242 5
255 235 7
255 229 10
255 223 12
255 216 15
255 210 17
204 163 16
204 158 18
255 191 25
255 184 28
255 178 30
255 172 33
255 165 35
255 159 38
255 153 40
255 146 43
204 112 36
204 107 38
255 127 51
255 121 48
255 115 46
255 110 44
255 104 41
255 98 39
255 92 37
255 86 34
204 64 25
204 60 24
255 69 27
255 63 25
255 57 23
255 52 20
255 46 18
255 40 16
255 34 13
255 28 11
204 18 7
204 13 5
255 11 4
255 5 2
255 0 0
255 0 0
