GIMP Palette
0 0 0
0 84 0
0 84 0
0 84 0
0 84 0
0 84 0
0 84 0
0 84 0
0 84 0
0 84 0
0 84 0
0 84 0
0 84 0
0 84 0
0 84 0
0 84 0
0 168 0
0 168 0
0 168 0
0 168 0
0 168 0
0 168 0
0 168 0
0 168 0
0 168 0
0 168 0
0 168 0
0 168 0
0 168 0
0 168 0
0 168 0
0 168 0
0 255 0
0 255 0
0 255 0
0 255 0
0 255 0
0 255 0
0 255 0
0 255 0
0 255 0
0 255 0
0 255 0
0 255 0
0 255 0
0 255 0
0 255 0
0 255 0
0 255 84
0 255 84
0 255 84
0 255 84
0 255 84
0 255 84
0 255 84
0 255 84
0 255 84
0 255 84
0 255 84
0 255 84
0 255 84
0 255 84
0 255 84
0 255 84
0 255 168
0 255 168
0 255 168
0 255 168
0 255 168
0 255 168
0 255 168
0 255 168
0 255 168
0 255 168
0 255 168
0 255 168
0 255 168
0 255 168
0 255 168
0 255 168
0 255 255
0 255 255
0 255 255
0 255 255
0 255 255
0 255 255
0 255 255
0 255 255
0 255 255
0 255 255
0 255 255
0 255 255
0 255 255
0 255 255
0 255 255
0 255 255
0 0 255
0 0 255
0 0 255
0 0 255
0 0 255
0 0 255
0 0 255
0 0 255
0 0 255
0 0 255
0 0 255
0 0 255
0 0 255
0 0 255
0 0 255
0 0 255
128 0 255
128 0 255
128 0 255
128 0 255
128 0 255
128 0 255
128 0 255
128 0 255
128 0 255
128 0 255
128 0 255
128 0 255
128 0 255
128 0 255
128 0 255
128 0 255
255 0 220
255 0 220
255 0 220
255 0 220
255 0 220
255 0 220
255 0 220
255 0 220
255 0 220
255 0 220
255 0 220
255 0 220
255 0 220
255 0 220
255 0 220
255 0 220
255 0 180
255 0 180
255 0 180
255 0 180
255 0 180
255 0 180
255 0 180
255 0 180
255 0 180
255 0 180
255 0 180
255 0 180
255 0 180
255 0 180
255 0 180
255 0 180
255 0 128
255 0 128
255 0 128
255 0 128
255 0 128
255 0 128
255 0 128
255 0 128
255 0 128
255 0 128
255 0 128
255 0 128
255 0 128
255 0 128
255 0 128
255 0 128
255 0 64
255 0 64
255 0 64
255 0 64
255 0 64
255 0 64
255 0 64
255 0 64
255 0 64
255 0 64
255 0 64
255 0 64
255 0 64
255 0 64
255 0 64
255 0 64
255 0 0
255 0 0
255 0 0
255 0 0
255 0 0
255 0 0
255 0 0
255 0 0
255 0 0
255 0 0
255 0 0
255 0 0
255 0 0
255 0 0
255 0 0
255 0 0
220 190 190
220 190 190
220 190 190
220 190 190
220 190 190
221 190 190
221 190 190
221 190 190
221 190 190
221 190 190
222 190 190
222 190 190
222 190 190
222 190 190
222 190 190
223 190 190
220 220 220
220 220 220
220 220 220
220 220 220
220 220 220
220 220 220
220 220 220
220 220 220
220 220 220
220 220 220
220 220 220
220 220 220
220 220 220
220 220 220
220 220 220
220 220 220
255 255 255
255 255 255
255 255 255
255 255 255
255 255 255
255 255 255
255 255 255
255 255 255
255 255 255
255 255 255
255 255 255
255 255 255
255 255 255
255 255 255
255 255 255
255 255 255
