GIMP Palette
0 0 0
0 0 2
0 0 4
0 0 6
0 0 8
0 0 10
0 0 12
0 0 14
0 0 16
0 0 18
0 0 20
0 0 22
0 0 25
0 0 27
0 0 29
0 0 31
0 0 33
0 0 35
0 0 37
0 0 39
0 0 41
0 0 43
0 0 45
0 0 47
0 0 50
0 0 52
0 0 54
0 0 56
0 0 58
0 0 60
0 0 62
0 0 64
0 0 66
0 3 68
0 6 70
0 9 72
0 12 75
0 15 77
0 18 79
0 21 81
0 25 83
0 28 85
0 31 87
0 34 89
0 37 91
0 40 93
0 43 95
0 46 97
0 50 100
0 53 100
0 56 100
0 59 100
0 62 100
0 65 100
0 68 100
0 71 100
0 75 100
0 78 100
0 81 100
0 84 100
0 87 100
0 90 100
0 93 100
0 96 100
0 100 100
0 103 100
0 106 100
0 109 100
0 112 100
0 115 100
0 118 100
0 121 100
0 125 100
0 128 100
0 131 100
0 134 100
0 137 100
0 140 100
0 143 100
0 146 100
0 150 100
0 150 96
0 150 93
0 150 90
0 150 87
0 150 84
0 150 81
0 150 78
0 150 75
0 150 71
0 150 68
0 150 65
0 150 62
0 150 59
0 150 56
0 150 53
0 150 50
0 149 46
0 148 43
0 148 40
0 147 37
0 146 34
0 146 31
0 145 28
0 145 25
0 144 21
0 143 18
0 143 15
0 142 12
0 141 9
0 141 6
0 140 3
0 140 0
7 137 0
15 135 0
22 132 0
30 130 0
37 127 0
45 125 0
52 122 0
60 120 0
67 117 0
75 115 0
82 112 0
90 110 0
97 107 0
105 105 0
112 102 0
120 100 0
125 93 0
130 87 0
135 81 0
140 75 0
145 68 0
150 62 0
155 56 0
160 50 0
165 43 0
170 37 0
175 31 0
180 25 0
185 18 0
190 12 0
195 6 0
200 0 0
200 2 0
201 4 0
201 6 0
202 9 0
202 11 0
203 13 0
203 16 0
204 18 0
204 20 0
205 23 0
205 25 0
206 27 0
206 29 0
207 32 0
207 34 0
208 36 0
208 39 0
209 41 0
209 43 0
210 46 0
210 48 0
211 50 0
211 53 0
212 55 0
212 57 0
213 59 0
213 62 0
214 64 0
214 66 0
215 69 0
215 71 0
216 73 0
216 76 0
217 78 0
217 80 0
218 83 0
218 85 0
219 87 0
219 89 0
220 92 0
220 94 0
221 96 0
221 99 0
222 101 0
222 103 0
223 106 0
223 108 0
224 110 0
224 113 0
225 115 0
225 117 0
226 119 0
226 122 0
227 124 0
227 126 0
228 129 0
228 131 0
229 133 0
229 136 0
230 138 0
230 140 0
231 142 0
231 145 0
232 147 0
232 149 0
233 152 0
233 154 0
234 156 0
234 159 0
235 161 0
235 163 0
236 166 0
236 168 0
237 170 0
237 172 0
238 175 0
238 177 0
239 179 0
239 182 0
240 184 0
240 186 0
241 189 0
241 191 0
242 193 0
242 196 0
243 198 0
243 200 0
244 202 0
244 205 0
245 207 0
245 209 0
246 212 0
246 214 0
247 216 0
247 219 0
248 221 0
248 223 0
249 226 0
249 228 0
250 230 0
250 232 0
251 235 0
251 237 0
252 239 0
252 242 0
253 244 0
253 246 0
254 249 0
254 251 0
255 253 0
255 255 0
