GIMP Palette
2 19 7
2 19 7
3 20 11
4 22 15
5 25 19
6 29 22
7 33 26
8 38 30
9 44 34
13 51 39
11 58 43
13 65 47
14 73 51
15 81 55
16 89 59
17 98 63
18 106 67
19 115 71
21 124 75
22 132 78
23 140 82
24 148 86
25 155 90
26 162 93
27 169 97
28 175 100
30 180 103
31 184 107
32 188 110
33 191 113
34 193 116
35 194 119
36 195 122
37 194 125
38 193 128
39 191 130
39 188 133
40 184 136
41 180 139
42 175 141
43 169 144
44 162 147
45 155 150
46 148 153
46 140 156
47 132 159
48 124 162
49 115 165
50 107 169
51 98 172
52 89 176
53 81 180
54 73 184
55 65 188
56 58 192
57 51 196
58 44 201
59 38 205
60 33 210
61 29 215
62 25 220
63 22 225
65 20 230
66 19 235
67 19 241
68 19 246
70 20 251
71 22 253
72 25 248
74 29 243
75 33 237
77 38 232
78 44 227
79 51 222
81 58 217
82 65 212
84 73 207
85 81 202
86 89 198
88 98 194
89 107 190
90 115 186
92 124 182
93 132 179
94 140 176
95 148 172
97 155 170
98 162 167
99 169 165
100 175 162
101 180 160
102 184 158
103 188 157
103 191 155
104 193 154
105 194 152
106 195 151
107 194 150
107 193 148
108 191 147
108 188 146
109 184 144
110 180 143
110 175 141
111 169 140
111 162 138
112 155 136
113 148 134
113 140 132
114 132 129
114 124 126
115 115 123
116 106 120
117 98 116
117 89 113
118 81 108
119 73 104
120 65 99
121 58 94
122 51 89
123 44 83
124 38 78
125 33 72
127 29 65
128 25 59
129 22 53
131 20 46
132 19 39
134 19 32
135 19 25
137 20 18
138 22 11
140 25 5
142 29 253
143 33 246
145 38 239
147 44 233
149 51 227
150 58 221
152 65 215
154 73 210
155 81 205
157 89 200
158 98 195
160 107 191
161 115 188
163 124 184
164 132 181
166 140 178
167 148 176
168 155 174
169 162 172
170 169 171
171 175 170
172 180 169
173 184 169
174 188 168
174 191 168
175 193 168
175 194 168
176 195 169
176 194 169
177 193 169
177 191 169
178 188 170
178 184 170
178 180 170
178 175 169
179 169 169
179 162 168
179 155 167
180 148 166
180 140 164
180 132 162
181 124 160
181 115 157
182 106 154
182 98 150
183 89 146
184 81 141
184 73 136
185 65 131
186 58 125
187 51 119
188 44 112
190 38 106
191 33 98
192 29 91
194 25 83
195 22 75
197 20 67
198 19 58
200 19 50
202 19 41
204 20 33
206 22 24
208 25 16
210 29 8
212 33 255
214 38 247
216 44 239
218 51 232
220 58 225
222 65 219
224 73 213
225 81 207
227 89 202
229 98 197
231 107 193
232 115 189
234 124 186
236 132 183
237 140 181
238 148 179
239 155 178
241 162 177
242 169 177
242 175 177
243 180 178
244 184 179
245 188 180
245 191 181
246 193 183
246 194 184
246 195 186
246 194 188
246 193 190
247 191 192
247 188 193
247 184 195
247 180 196
247 175 197
247 169 198
247 162 198
247 155 198
247 148 198
247 140 197
247 132 195
247 124 193
247 115 191
248 106 188
248 98 184
248 89 180
249 81 175
250 73 169
251 65 163
251 58 156
252 51 149
254 44 142
255 38 133
254 33 125
252 29 116
251 25 107
249 22 97
247 20 87
247 20 87
