GIMP Palette
0 0 0
0 0 0
127 127 127
123 0 193
119 0 195
114 0 197
110 0 199
106 0 201
102 0 204
97 0 206
84 0 187
80 0 189
76 0 191
80 0 214
76 0 216
72 0 218
67 0 221
63 0 223
59 0 225
55 0 227
45 0 206
42 0 208
38 0 210
38 0 235
33 0 238
29 0 240
25 0 242
21 0 244
16 0 246
12 0 248
7 0 225
3 0 227
0 0 229
0 17 255
0 34 255
0 51 255
0 68 255
0 85 255
0 102 255
0 119 255
0 122 229
0 137 229
0 153 229
0 187 255
0 204 255
0 221 255
0 238 255
0 255 255
0 255 238
0 255 221
0 229 183
0 229 168
0 229 152
0 255 153
0 255 135
0 255 118
0 255 101
0 255 84
0 255 67
0 255 50
0 229 30
0 229 15
0 229 0
8 255 0
17 255 0
25 255 0
34 255 0
42 255 0
51 255 0
59 255 0
61 229 0
68 229 0
76 229 0
93 255 0
102 255 0
110 255 0
119 255 0
127 255 0
136 255 0
144 255 0
137 229 0
145 229 0
153 229 0
178 255 0
187 255 0
195 255 0
204 255 0
212 255 0
221 255 0
229 255 0
214 229 0
221 229 0
229 229 0
255 250 0
255 246 0
255 242 0
255 238 0
255 233 0
255 229 0
255 225 0
229 198 0
229 195 0
229 191 0
255 208 0
255 204 0
255 199 0
255 195 0
255 191 0
255 187 0
255 182 0
229 160 0
229 156 0
229 152 0
255 165 0
255 161 0
255 157 0
255 153 0
255 148 0
255 144 0
255 140 0
229 122 0
229 118 0
229 114 0
255 125 0
255 123 0
255 121 0
255 119 0
255 116 0
255 114 0
255 112 0
229 99 0
229 97 0
229 95 0
255 104 0
255 102 0
255 99 0
255 97 0
255 95 0
255 93 0
255 91 0
229 80 0
229 78 0
229 76 0
255 82 0
255 80 0
255 78 0
255 76 0
255 74 0
255 72 0
255 70 0
229 61 0
229 59 0
229 57 0
255 61 0
255 59 0
255 57 0
255 55 0
255 53 0
255 50 0
255 48 0
229 42 0
229 40 0
229 38 0
255 40 0
255 38 0
255 36 0
255 33 0
255 31 0
255 29 0
255 27 0
229 22 0
229 21 0
229 19 0
255 19 0
255 16 0
255 14 0
255 12 0
255 13 0
255 8 0
255 6 0
229 3 0
229 1 0
229 0 0
253 0 0
251 0 0
249 0 0
248 0 0
246 0 0
244 0 0
242 0 0
217 0 0
215 0 0
213 0 0
236 0 0
234 0 0
232 0 0
230 0 0
229 0 0
227 0 0
225 0 0
201 0 0
200 0 0
198 0 0
218 0 0
217 0 0
215 0 0
213 0 0
211 0 0
210 0 0
208 0 0
186 0 0
184 0 0
182 0 0
201 0 0
199 0 0
198 0 0
196 0 0
194 0 0
192 0 0
191 0 0
170 0 0
169 0 0
167 0 0
184 0 0
182 0 0
180 0 0
179 0 0
177 0 0
175 0 0
174 0 0
155 0 0
153 0 0
151 0 0
167 0 0
165 0 0
163 0 0
161 0 0
160 0 0
158 0 0
156 0 0
139 0 0
138 0 0
136 0 0
149 0 0
148 0 0
146 0 0
144 0 0
143 0 0
141 0 0
139 0 0
124 0 0
122 0 0
120 0 0
132 0 0
130 0 0
130 0 0
