GIMP Palette
82 0 214
82 0 214
77 1 202
73 1 189
68 2 177
63 2 165
59 3 153
54 4 141
50 4 129
46 5 118
42 6 107
38 6 96
34 7 85
30 8 75
26 9 65
23 13 56
19 11 47
16 12 38
13 13 30
13 15 22
8 16 15
5 17 9
3 19 2
1 20 2
0 22 7
2 23 12
3 25 16
5 27 19
6 28 22
6 30 24
7 32 25
7 34 26
8 35 27
7 37 26
7 39 25
6 41 24
6 43 22
5 45 19
3 46 16
2 48 12
0 50 7
1 51 2
3 53 2
5 55 9
8 56 15
13 58 22
13 59 30
16 60 38
19 61 47
23 62 56
26 63 65
30 64 75
34 65 85
38 66 96
42 66 107
46 67 118
50 67 129
54 67 141
59 67 153
63 67 165
68 67 177
73 67 189
77 67 202
82 66 214
87 66 227
91 65 239
96 64 251
100 64 246
105 63 234
110 62 222
114 61 210
119 60 198
123 59 186
127 57 175
131 56 164
135 55 153
139 54 142
143 53 132
147 52 122
150 51 113
154 49 104
157 48 95
160 47 87
163 47 79
165 46 72
168 45 66
170 44 59
172 44 54
174 44 49
176 43 44
177 43 40
179 43 37
180 43 34
180 44 32
181 44 31
181 45 30
182 46 29
181 47 30
181 48 31
180 50 32
180 51 34
179 53 37
177 55 40
176 57 44
174 60 49
172 62 54
170 65 59
168 68 66
165 71 72
163 74 79
160 78 87
157 81 95
154 85 104
150 88 113
147 92 122
143 96 132
139 100 142
135 104 153
131 108 164
127 112 175
123 116 186
119 120 198
114 124 210
110 128 222
105 132 234
100 136 246
96 140 251
91 144 239
86 148 226
82 151 214
77 154 202
73 158 189
68 161 177
63 164 165
59 166 153
54 169 141
50 171 129
46 173 118
42 175 107
38 176 96
34 178 85
30 179 75
26 180 65
23 180 56
19 180 47
16 180 38
13 180 30
13 179 22
8 179 15
5 178 9
3 176 2
1 175 2
0 173 7
2 171 12
3 169 16
5 166 19
6 164 22
6 161 24
7 158 25
7 155 26
8 152 27
7 148 26
7 145 25
6 141 24
6 138 22
5 134 19
3 131 16
2 127 12
0 124 7
1 120 2
3 117 2
5 113 9
8 110 15
13 107 22
13 104 30
16 101 38
19 99 47
23 97 56
26 95 65
30 93 75
34 91 85
38 90 96
42 89 107
46 88 118
50 88 129
54 88 141
59 88 153
63 88 165
68 89 177
73 91 189
77 92 202
82 94 214
87 96 227
91 99 239
96 102 251
100 105 246
105 109 234
110 113 222
114 117 210
119 122 198
123 127 186
127 132 175
131 137 164
135 142 153
139 148 142
143 154 132
147 160 122
150 166 113
154 173 104
157 179 95
160 186 87
163 192 79
165 199 72
168 205 66
170 212 59
172 218 54
174 225 49
176 231 44
177 237 40
179 243 37
180 248 34
180 254 32
181 251 31
181 246 30
182 241 29
181 237 30
181 233 31
180 229 32
180 226 34
179 223 37
177 220 40
176 218 44
174 216 49
172 215 54
170 214 59
168 213 66
165 213 72
163 214 79
160 214 87
157 216 95
154 217 104
150 219 113
147 222 122
143 224 132
139 228 142
135 231 153
131 235 164
127 239 175
123 244 186
119 248 198
114 253 210
110 251 222
105 246 234
100 240 246
96 234 251
96 234 251
