GIMP Palette
0 0 0
0 1 1
0 2 2
0 3 3
0 4 4
0 8 8
0 12 12
0 16 16
0 21 21
0 25 25
0 29 29
0 33 33
0 38 38
0 42 42
0 46 46
0 50 50
0 55 55
0 59 59
0 63 63
0 67 67
0 72 72
0 76 76
0 80 80
0 84 84
0 89 89
0 93 93
0 97 97
0 101 101
0 106 106
0 110 110
0 114 114
0 118 118
0 123 123
0 127 127
0 131 131
0 135 135
0 140 140
0 144 144
0 148 148
0 152 152
0 157 157
0 161 161
0 165 165
0 169 169
0 174 174
0 178 178
0 182 182
0 186 186
0 191 191
0 195 195
0 199 199
0 203 203
0 208 208
0 212 212
0 216 216
0 220 220
0 225 225
0 229 229
0 233 233
0 237 237
0 242 242
0 246 246
0 250 250
0 255 255
0 255 255
0 251 255
0 247 255
0 243 255
0 239 255
0 235 255
0 231 255
0 227 255
0 223 255
0 219 255
0 215 255
0 211 255
0 207 255
0 203 255
0 199 255
0 195 255
0 191 255
0 187 255
0 183 255
0 179 255
0 175 255
0 170 255
0 166 255
0 162 255
0 158 255
0 154 255
0 150 255
0 146 255
0 142 255
0 138 255
0 134 255
0 130 255
0 126 255
0 122 255
0 118 255
0 114 255
0 110 255
0 106 255
0 102 255
0 98 255
0 94 255
0 90 255
0 85 255
0 81 255
0 77 255
0 73 255
0 69 255
0 65 255
0 61 255
0 57 255
0 53 255
0 49 255
0 45 255
0 41 255
0 37 255
0 33 255
0 29 255
0 25 255
0 21 255
0 17 255
0 13 255
0 9 255
0 5 255
0 0 255
0 0 255
4 0 255
8 0 255
12 0 255
16 0 255
20 0 255
24 0 255
28 0 255
32 0 255
36 0 255
40 0 255
44 0 255
48 0 255
52 0 255
56 0 255
60 0 255
64 0 255
68 0 255
72 0 255
76 0 255
80 0 255
85 0 255
89 0 255
93 0 255
97 0 255
101 0 255
105 0 255
109 0 255
113 0 255
117 0 255
121 0 255
125 0 255
129 0 255
133 0 255
137 0 255
141 0 255
145 0 255
149 0 255
153 0 255
157 0 255
161 0 255
165 0 255
170 0 255
174 0 255
178 0 255
182 0 255
186 0 255
190 0 255
194 0 255
198 0 255
202 0 255
206 0 255
210 0 255
214 0 255
218 0 255
222 0 255
226 0 255
230 0 255
234 0 255
238 0 255
242 0 255
246 0 255
250 0 255
255 0 255
255 0 255
255 0 251
255 0 247
255 0 243
255 0 239
255 0 235
255 0 231
255 0 227
255 0 223
255 0 218
255 0 214
255 0 210
255 0 206
255 0 202
255 0 198
255 0 194
255 0 190
255 0 186
255 0 181
255 0 177
255 0 173
255 0 169
255 0 165
255 0 161
255 0 157
255 0 153
255 0 149
255 0 144
255 0 140
255 0 136
255 0 132
255 0 128
255 0 124
255 0 120
255 0 116
255 0 112
255 0 107
255 0 103
255 0 99
255 0 95
255 0 91
255 0 87
255 0 83
255 0 79
255 0 75
255 0 70
255 0 66
255 0 62
255 0 58
255 0 54
255 0 50
255 0 46
255 0 42
255 0 38
255 0 33
255 0 29
255 0 25
255 0 21
255 0 17
255 0 13
255 0 9
255 0 5
255 0 0
255 0 0
