GIMP Palette
0 0 0
3 0 0
7 0 0
11 0 0
15 0 0
19 0 0
22 0 0
26 0 0
30 0 0
34 0 0
38 0 0
41 0 0
45 0 0
49 0 0
53 0 0
57 0 0
60 0 0
64 0 0
68 0 0
72 0 0
76 0 0
79 0 0
83 0 0
87 0 0
91 0 0
95 0 0
98 0 0
102 0 0
106 0 0
110 0 0
114 0 0
117 0 0
121 0 0
125 0 0
129 0 0
133 0 0
137 0 0
140 0 0
144 0 0
148 0 0
152 0 0
156 0 0
159 0 0
163 0 0
167 0 0
171 0 0
175 0 0
178 0 0
182 0 0
186 0 0
190 0 0
194 0 0
197 0 0
201 0 0
205 0 0
209 0 0
213 0 0
216 0 0
220 0 0
224 0 0
228 0 0
232 0 0
235 0 0
239 0 0
243 0 0
247 3 0
251 7 0
255 11 0
251 15 0
247 19 0
243 23 0
239 27 0
235 31 0
230 35 0
226 39 0
222 43 0
218 47 0
214 51 0
210 55 0
205 59 0
201 63 0
197 67 0
193 71 0
189 75 0
184 79 0
180 83 0
176 87 0
172 91 0
168 95 0
164 99 0
159 103 0
155 107 0
151 111 0
147 115 0
143 119 0
138 123 0
134 127 0
130 131 0
126 135 0
122 139 0
118 143 0
113 147 0
109 151 0
105 155 0
101 159 0
97 163 0
92 167 0
88 171 0
84 175 0
80 179 0
76 183 0
72 187 0
67 191 0
63 195 0
59 199 0
55 203 0
51 207 0
46 211 0
42 215 0
38 219 0
34 223 0
30 227 0
26 231 0
21 235 0
17 239 0
13 243 0
9 247 0
5 251 3
0 255 7
0 251 11
0 247 15
0 243 19
0 239 23
0 235 27
0 231 30
0 227 34
0 223 38
0 219 42
0 215 46
0 211 50
0 207 54
0 203 57
0 199 61
0 195 65
0 191 69
0 187 73
0 183 77
0 179 81
0 175 85
0 170 88
0 166 92
0 162 96
0 158 100
0 154 104
0 150 108
0 146 112
0 142 115
0 138 119
0 134 123
0 130 127
0 126 131
0 122 135
0 118 139
0 114 142
0 110 146
0 106 150
0 102 154
0 98 158
0 94 162
0 90 166
0 85 170
0 81 173
0 77 177
0 73 181
0 69 185
0 65 189
0 61 193
0 57 197
0 53 200
0 49 204
0 45 208
0 41 212
0 37 216
0 33 220
0 29 224
0 25 227
0 21 231
0 17 235
0 13 239
0 9 243
0 5 247
0 0 251
0 0 255
0 0 251
0 0 247
0 0 243
0 0 239
0 0 235
0 0 231
0 0 227
0 0 223
0 0 219
0 0 215
0 0 211
0 0 207
0 0 203
0 0 199
0 0 195
0 0 191
0 0 187
0 0 183
0 0 179
0 0 175
0 0 170
0 0 166
0 0 162
0 0 158
0 0 154
0 0 150
0 0 146
0 0 142
0 0 138
0 0 134
0 0 130
0 0 126
0 0 122
0 0 118
0 0 114
0 0 110
0 0 106
0 0 102
0 0 98
0 0 94
0 0 90
0 0 85
0 0 81
0 0 77
0 0 73
0 0 69
0 0 65
0 0 61
0 0 57
0 0 53
0 0 49
0 0 45
0 0 41
0 0 37
0 0 33
0 0 29
0 0 25
0 0 21
0 0 17
0 0 13
0 0 9
0 0 5
0 0 0
