GIMP Palette
167 112 255
167 112 255
255 213 254
254 212 251
249 210 250
247 209 249
245 208 248
243 206 247
242 205 246
240 203 245
238 202 244
236 200 243
234 199 242
232 198 241
230 196 240
228 195 239
226 193 238
224 192 237
222 191 236
220 189 235
218 188 234
216 186 233
214 185 232
212 183 231
210 182 230
208 181 229
206 179 228
204 178 227
202 176 226
200 175 225
198 174 224
196 172 223
194 171 222
192 169 221
190 168 220
188 166 219
186 165 218
184 164 217
182 162 216
180 161 215
178 159 214
176 158 213
174 157 212
172 155 211
170 154 210
168 152 209
166 151 208
164 150 207
162 148 206
160 147 205
158 145 204
156 144 203
154 142 202
152 141 201
150 140 200
148 138 199
146 137 198
144 135 197
142 134 196
141 133 195
139 131 194
137 130 193
135 128 192
133 127 191
131 125 190
129 124 189
127 123 188
125 121 187
123 120 186
121 118 185
119 117 184
117 116 183
115 114 182
113 113 181
111 111 180
109 110 179
107 109 178
105 107 177
103 106 176
101 104 175
99 103 174
97 101 173
95 100 172
93 99 171
91 97 170
89 96 169
87 94 168
85 93 167
83 92 166
81 90 165
79 89 164
77 87 163
75 86 162
73 84 161
71 83 160
69 82 159
67 80 158
65 79 157
63 77 156
61 76 155
59 75 154
57 73 153
55 72 152
53 70 151
51 69 150
49 68 149
47 66 148
45 65 147
43 63 146
41 62 145
40 60 144
38 59 143
36 58 142
34 56 141
32 55 140
30 53 139
28 52 138
26 51 137
24 49 136
22 48 135
20 46 134
18 45 133
16 43 132
14 42 131
12 41 130
13 39 129
8 38 128
6 36 127
4 35 126
4 34 125
6 32 124
7 31 123
9 32 122
11 33 121
13 34 120
15 36 119
17 37 118
19 38 117
21 40 116
23 41 115
25 42 114
27 44 113
29 45 112
31 46 111
33 48 110
35 49 109
37 50 108
39 52 107
41 53 106
43 54 105
45 56 104
47 57 103
49 58 102
51 60 101
53 61 100
55 62 99
57 64 98
59 65 97
61 66 96
63 68 95
65 69 94
67 70 93
69 72 92
71 73 91
73 75 90
75 76 89
77 77 88
79 79 87
81 80 86
83 81 85
85 83 84
87 84 83
89 85 82
91 87 81
93 88 80
95 89 79
97 91 78
99 92 77
101 93 76
103 95 75
105 96 74
107 97 73
108 99 72
110 100 71
112 101 70
114 103 69
116 104 68
118 105 67
120 107 66
122 108 65
124 109 64
126 111 63
128 112 62
130 113 61
132 115 60
134 116 59
136 117 58
138 119 57
140 120 56
142 121 55
144 123 54
146 124 53
148 125 52
150 127 51
152 128 50
154 129 49
156 131 48
158 132 47
160 133 46
162 135 45
164 136 44
166 137 43
168 139 42
170 140 41
172 141 40
174 143 39
176 144 38
178 145 37
180 147 36
182 148 35
184 149 34
186 151 33
188 152 32
190 153 31
192 155 30
194 156 29
196 157 28
198 159 27
200 160 26
202 161 25
204 163 24
206 164 23
208 165 22
210 167 21
211 168 20
213 169 19
215 171 18
217 172 17
219 173 16
221 175 15
223 176 14
225 177 13
227 179 12
229 180 11
231 181 13
233 183 9
235 184 8
237 185 7
239 187 6
241 188 5
243 189 4
245 191 3
247 192 2
249 193 1
251 195 0
251 195 0
