GIMP Palette
0 0 0
0 0 0
0 0 0
0 0 0
0 14 0
0 28 0
0 43 0
0 57 0
0 72 0
0 81 0
0 90 0
0 99 0
0 108 0
0 117 0
0 126 0
0 135 0
0 144 0
0 153 0
0 162 0
0 171 0
0 180 0
0 179 1
0 178 3
0 177 4
0 176 6
0 175 8
0 174 10
0 173 12
0 172 14
0 171 15
0 170 17
0 169 19
0 168 21
0 167 23
0 166 25
0 165 27
0 164 29
0 163 31
0 162 33
0 161 35
0 160 37
0 159 38
0 158 40
0 157 42
0 156 44
0 154 46
0 152 48
0 150 50
0 148 53
0 147 54
0 146 56
0 145 58
0 144 60
0 143 62
0 142 64
0 141 66
0 140 68
0 139 69
0 138 71
0 137 73
0 136 75
0 135 77
0 134 79
0 133 81
0 132 83
0 131 84
0 130 86
0 129 88
0 128 90
0 126 92
0 124 94
0 122 96
0 120 99
0 119 100
0 118 102
0 117 104
0 116 106
0 115 108
0 114 110
0 113 112
0 112 114
0 111 116
0 110 118
0 109 120
0 108 122
0 107 123
0 106 125
0 105 127
0 104 129
0 103 131
0 102 133
0 101 135
0 100 137
0 99 138
0 98 140
0 97 142
0 96 144
0 94 146
0 92 148
0 90 150
0 88 153
0 87 154
0 86 156
0 85 158
0 84 160
0 83 162
0 82 164
0 81 166
0 80 168
0 79 170
0 78 172
0 77 174
0 76 176
0 75 177
0 74 179
0 73 181
0 72 183
0 71 185
0 70 187
0 69 189
0 68 191
0 66 193
0 64 195
0 62 197
0 60 199
5 59 199
10 58 198
15 57 197
20 56 196
25 54 196
30 52 196
35 50 196
40 48 195
45 47 195
50 46 194
55 45 193
60 44 192
65 42 192
70 40 191
75 38 191
80 36 190
84 34 190
88 32 190
92 30 190
96 28 190
101 26 190
106 24 190
111 22 190
116 20 189
121 19 189
126 18 188
131 17 187
136 16 186
141 14 186
146 12 185
151 10 185
156 8 184
159 6 184
162 4 185
165 2 186
168 0 187
171 0 187
174 0 187
177 0 187
180 0 187
183 0 187
186 0 187
189 0 187
192 0 188
195 0 188
198 0 188
201 0 188
204 0 189
207 0 189
210 0 189
213 0 189
216 0 189
219 0 189
222 0 189
225 0 189
228 0 190
231 0 190
234 0 190
237 0 190
240 0 191
243 0 191
246 0 191
249 0 191
252 0 191
252 4 192
252 8 193
252 12 194
252 16 195
252 20 196
252 24 197
252 28 198
252 32 199
252 36 200
252 40 201
252 44 202
252 48 203
252 52 203
252 56 204
252 60 205
252 64 206
252 68 207
252 72 208
252 76 209
252 80 210
252 84 211
252 88 212
252 92 213
252 96 214
252 100 214
252 104 215
252 108 216
252 112 217
252 116 218
252 120 219
252 124 220
252 128 221
252 132 222
252 136 223
252 140 224
252 144 225
252 147 226
252 150 227
252 153 228
252 156 229
252 160 230
252 164 231
252 168 232
252 172 233
252 176 234
252 180 235
252 184 236
252 188 237
252 192 237
252 196 238
252 200 239
252 204 240
252 208 241
252 212 242
252 216 243
252 220 244
252 224 245
252 228 246
252 232 247
252 236 248
252 240 249
252 244 250
252 248 251
252 252 252
253 253 253
254 254 254
255 255 255
