1.716299 -0.485527 -0.288690 
1.716299 -0.476371 -0.274957 
1.711721 -0.485527 -0.293267 
1.711721 -0.480949 -0.293267 
1.716299 -0.494682 -0.284112 
1.716299 -0.480949 -0.279535 
1.711721 -0.494682 -0.288690 
1.707144 -0.490104 -0.284112 
1.711721 -0.494682 -0.274957 
1.711721 -0.499259 -0.284112 
1.707144 -0.503837 -0.288690 
1.707144 -0.494682 -0.279535 
1.707144 -0.494682 -0.274957 
1.707144 -0.503837 -0.279535 
1.707144 -0.490104 -0.279535 
1.711721 -0.494682 -0.284112 
1.702566 -0.499259 -0.288690 
1.702566 -0.499259 -0.284112 
1.702566 -0.490104 -0.288690 
1.697989 -0.490104 -0.293267 
1.697989 -0.490104 -0.293267 
1.697989 -0.485527 -0.293267 
1.697989 -0.485527 -0.297845 
1.693411 -0.485527 -0.302423 
1.697989 -0.485527 -0.302423 
1.693411 -0.490104 -0.307000 
1.693411 -0.499259 -0.302423 
1.697989 -0.499259 -0.311578 
1.693411 -0.499259 -0.297845 
1.693411 -0.499259 -0.297845 
1.688833 -0.503837 -0.284112 
1.684256 -0.503837 -0.274957 
1.688833 -0.508415 -0.265802 
1.693411 -0.508415 -0.270379 
1.679678 -0.494682 -0.256647 
1.688833 -0.494682 -0.265802 
1.679678 -0.499259 -0.261224 
1.665945 -0.490104 -0.265802 
1.656790 -0.485527 -0.274957 
1.643057 -0.485527 -0.270379 
1.620169 -0.490104 -0.279535 
1.601859 -0.485527 -0.274957 
1.574393 -0.485527 -0.288690 
1.551505 -0.485527 -0.284112 
1.524040 -0.494682 -0.288690 
1.505729 -0.494682 -0.297845 
1.478264 -0.494682 -0.311578 
1.441643 -0.503837 -0.302423 
1.418755 -0.503837 -0.302423 
1.386712 -0.508415 -0.297845 
1.354669 -0.503837 -0.297845 
1.331781 -0.503837 -0.297845 
1.290582 -0.494682 -0.297845 
1.263117 -0.499259 -0.293267 
1.240229 -0.499259 -0.270379 
1.203608 -0.494682 -0.279535 
1.171565 -0.485527 -0.274957 
1.130366 -0.476371 -0.284112 
1.098323 -0.480949 -0.279535 
1.070857 -0.485527 -0.274957 
1.043392 -0.480949 -0.274957 
1.006771 -0.476371 -0.279535 
0.983883 -0.476371 -0.274957 
0.942685 -0.471794 -0.270379 
0.915219 -0.476371 -0.270379 
0.878598 -0.480949 -0.284112 
0.846555 -0.480949 -0.293267 
0.809934 -0.480949 -0.293267 
0.787046 -0.485527 -0.293267 
0.750425 -0.485527 -0.288690 
0.727537 -0.480949 -0.302423 
0.695494 -0.485527 -0.297845 
0.658873 -0.485527 -0.297845 
0.640563 -0.480949 -0.307000 
0.594787 -0.476371 -0.297845 
0.562744 -0.471794 -0.307000 
0.521545 -0.476371 -0.302423 
0.494080 -0.476371 -0.297845 
0.462037 -0.471794 -0.302423 
0.429993 -0.471794 -0.297845 
0.402528 -0.467216 -0.297845 
0.370485 -0.471794 -0.297845 
0.333864 -0.471794 -0.284112 
0.301821 -0.476371 -0.288690 
0.265200 -0.476371 -0.288690 
0.237734 -0.476371 -0.284112 
0.201113 -0.480949 -0.279535 
0.173648 -0.480949 -0.284112 
0.137027 -0.480949 -0.279535 
0.104984 -0.471794 -0.288690 
0.072941 -0.471794 -0.284112 
0.040897 -0.476371 -0.274957 
-0.004879 -0.471794 -0.284112 
-0.032344 -0.469505 -0.288690 
-0.059810 -0.467216 -0.293267 
-0.096431 -0.467216 -0.293267 
-0.123896 -0.462639 -0.297845 
-0.151362 -0.458061 -0.307000 
-0.192560 -0.462639 -0.297845 
-0.229181 -0.462639 -0.307000 
-0.261224 -0.462639 -0.307000 
-0.288690 -0.467216 -0.302423 
-0.320733 -0.471794 -0.302423 
-0.357354 -0.471794 -0.311578 
-0.380242 -0.476371 -0.311578 
-0.421440 -0.480949 -0.307000 
-0.444328 -0.476371 -0.302423 
-0.476371 -0.476371 -0.311578 
-0.512992 -0.476371 -0.297845 
-0.545035 -0.476371 -0.288690 
-0.577079 -0.490104 -0.288690 
-0.604544 -0.471794 -0.284112 
-0.641165 -0.458061 -0.284112 
-0.664053 -0.462639 -0.279535 
-0.709829 -0.462639 -0.274957 
-0.737295 -0.458061 -0.288690 
-0.769338 -0.462639 -0.279535 
-0.796803 -0.453483 -0.284112 
-0.833424 -0.448906 -0.297845 
-0.865467 -0.453483 -0.297845 
-0.888355 -0.462639 -0.288690 
-0.924976 -0.458061 -0.297845 
-0.961597 -0.467216 -0.297845 
-0.993640 -0.467216 -0.316155 
-1.034839 -0.462639 -0.297845 
-1.062304 -0.467216 -0.307000 
-1.080615 -0.480949 -0.316155 
-1.117235 -0.462639 -0.320733 
-1.158434 -0.467216 -0.307000 
-1.185899 -0.467216 -0.311578 
-1.227098 -0.471794 -0.316155 
-1.249986 -0.467216 -0.307000 
-1.286607 -0.453483 -0.307000 
-1.314072 -0.458061 -0.311578 
-1.346115 -0.458061 -0.302423 
-1.382736 -0.448906 -0.293267 
-1.405624 -0.448906 -0.293267 
-1.442245 -0.444328 -0.293267 
-1.465133 -0.453483 -0.293267 
-1.501754 -0.453483 -0.284112 
-1.538375 -0.453483 -0.279535 
-1.561263 -0.458061 -0.284112 
-1.588728 -0.462639 -0.288690 
-1.616194 -0.453483 -0.284112 
-1.652815 -0.462639 -0.284112 
-1.689435 -0.458061 -0.288690 
-1.707746 -0.453483 -0.288690 
-1.739789 -0.453483 -0.293267 
-1.753522 -0.453483 -0.302423 
-1.790143 -0.444328 -0.302423 
-1.817608 -0.444328 -0.307000 
-1.840496 -0.439751 -0.316155 
-1.863384 -0.439751 -0.311578 
-1.881695 -0.435173 -0.320733 
-1.913738 -0.435173 -0.325311 
-1.941203 -0.448906 -0.325311 
-1.959514 -0.439751 -0.311578 
-1.991557 -0.444328 -0.311578 
-2.005290 -0.453483 -0.316155 
-2.032755 -0.453483 -0.302423 
-2.064799 -0.448906 -0.311578 
-2.078531 -0.462639 -0.311578 
-2.101419 -0.458061 -0.302423 
-2.119730 -0.458061 -0.307000 
-2.142618 -0.453483 -0.302423 
-2.165506 -0.453483 -0.288690 
-2.188394 -0.453483 -0.288690 
-2.202127 -0.444328 -0.307000 
-2.225015 -0.444328 -0.297845 
-2.243325 -0.444328 -0.293267 
-2.270791 -0.439751 -0.293267 
-2.284523 -0.435173 -0.293267 
-2.302834 -0.435173 -0.302423 
-2.321144 -0.430595 -0.302423 
-2.339455 -0.435173 -0.302423 
-2.366920 -0.439751 -0.307000 
-2.389808 -0.439751 -0.302423 
-2.403541 -0.448906 -0.311578 
-2.426429 -0.439751 -0.307000 
-2.440162 -0.444328 -0.316155 
-2.458472 -0.458061 -0.316155 
-2.481360 -0.448906 -0.334466 
-2.490515 -0.448906 -0.325311 
-2.499671 -0.458061 -0.329888 
-2.527136 -0.448906 -0.325311 
-2.540869 -0.448906 -0.311578 
-2.554602 -0.444328 -0.311578 
-2.568335 -0.439751 -0.316155 
-2.586645 -0.444328 -0.311578 
-2.591223 -0.444328 -0.307000 
-2.614111 -0.439751 -0.302423 
-2.623266 -0.453483 -0.307000 
-2.636999 -0.444328 -0.293267 
-2.641576 -0.448906 -0.293267 
-2.646154 -0.458061 -0.293267 
-2.664464 -0.444328 -0.293267 
-2.664464 -0.453483 -0.293267 
-2.669042 -0.462639 -0.293267 
-2.682775 -0.458061 -0.297845 
-2.687352 -0.453483 -0.307000 
-2.696507 -0.448906 -0.307000 
-2.705663 -0.435173 -0.316155 
-2.701085 -0.430595 -0.316155 
-2.710240 -0.426018 -0.316155 
-2.714818 -0.416863 -0.307000 
-2.733128 -0.421440 -0.307000 
-2.719395 -0.416863 -0.311578 
-2.719395 -0.421440 -0.311578 
-2.728551 -0.421440 -0.307000 
-2.733128 -0.421440 -0.311578 
-2.728551 -0.430595 -0.311578 
-2.728551 -0.444328 -0.311578 
-2.733128 -0.453483 -0.311578 
-2.737706 -0.458061 -0.320733 
-2.728551 -0.462639 -0.311578 
-2.737706 -0.471794 -0.316155 
-2.733128 -0.467216 -0.316155 
-2.728551 -0.471794 -0.316155 
-2.737706 -0.462639 -0.320733 
-2.733128 -0.458061 -0.320733 
-2.723973 -0.453483 -0.311578 
-2.733128 -0.439751 -0.311578 
-2.728551 -0.435173 -0.320733 
-2.723973 -0.426018 -0.307000 
-2.728551 -0.421440 -0.307000 
-2.719395 -0.416863 -0.297845 
-2.719395 -0.421440 -0.293267 
-2.719395 -0.412285 -0.297845 
-2.710240 -0.416863 -0.297845 
-2.719395 -0.430595 -0.293267 
-2.710240 -0.430595 -0.316155 
-2.714818 -0.435173 -0.297845 
-2.723973 -0.435173 -0.302423 
-2.719395 -0.439751 -0.307000 
-2.714818 -0.453483 -0.316155 
-2.719395 -0.448906 -0.316155 
-2.714818 -0.444328 -0.325311 
-2.714818 -0.448906 -0.320733 
-2.719395 -0.439751 -0.329888 
-2.705663 -0.439751 -0.334466 
-2.701085 -0.448906 -0.316155 
-2.710240 -0.435173 -0.311578 
-2.710240 -0.430595 -0.316155 
-2.705663 -0.435173 -0.311578 
-2.705663 -0.426018 -0.293267 
-2.705663 -0.444328 -0.302423 
-2.696507 -0.453483 -0.302423 
-2.701085 -0.448906 -0.288690 
-2.687352 -0.448906 -0.302423 
-2.691930 -0.453483 -0.307000 
-2.696507 -0.458061 -0.302423 
-2.687352 -0.462639 -0.311578 
-2.691930 -0.458061 -0.311578 
-2.696507 -0.453483 -0.320733 
-2.691930 -0.453483 -0.316155 
-2.691930 -0.458061 -0.329888 
-2.687352 -0.435173 -0.325311 
-2.691930 -0.430595 -0.329888 
-2.691930 -0.421440 -0.325311 
-2.687352 -0.421440 -0.316155 
-2.687352 -0.421440 -0.311578 
-2.678197 -0.412285 -0.307000 
-2.682775 -0.412285 -0.302423 
-2.678197 -0.416863 -0.293267 
-2.678197 -0.416863 -0.288690 
-2.673619 -0.421440 -0.293267 
-2.659887 -0.435173 -0.293267 
-2.669042 -0.442039 -0.300134 
-2.678197 -0.448906 -0.307000 
-2.673619 -0.453483 -0.316155 
-2.673619 -0.467216 -0.320733 
-2.673619 -0.471794 -0.320733 
-2.673619 -0.471794 -0.334466 
-2.669042 -0.471794 -0.339043 
-2.669042 -0.476371 -0.334466 
-2.673619 -0.467216 -0.348199 
-2.669042 -0.458061 -0.334466 
-2.669042 -0.453483 -0.325311 
-2.664464 -0.444328 -0.329888 
-2.673619 -0.435173 -0.316155 
-2.659887 -0.430595 -0.311578 
-2.659887 -0.430595 -0.297845 
-2.659887 -0.416863 -0.279535 
-2.655309 -0.416863 -0.284112 
-2.650731 -0.416863 -0.284112 
-2.655309 -0.426018 -0.279535 
-2.659887 -0.416863 -0.279535 
-2.655309 -0.416863 -0.279535 
-2.650731 -0.435173 -0.297845 
-2.659887 -0.439751 -0.311578 
-2.655309 -0.444328 -0.311578 
-2.655309 -0.453483 -0.320733 
-2.646154 -0.462639 -0.352776 
-2.650731 -0.467216 -0.343621 
-2.650731 -0.467216 -0.339043 
-2.650731 -0.467216 -0.348199 
-2.650731 -0.476371 -0.334466 
-2.655309 -0.458061 -0.334466 
-2.655309 -0.458061 -0.325311 
-2.646154 -0.453483 -0.307000 
-2.650731 -0.453483 -0.307000 
-2.641576 -0.444328 -0.293267 
-2.650731 -0.430595 -0.284112 
-2.636999 -0.439751 -0.279535 
-2.646154 -0.430595 -0.274957 
-2.646154 -0.430595 -0.284112 
-2.641576 -0.430595 -0.284112 
-2.646154 -0.421440 -0.284112 
-2.646154 -0.421440 -0.293267 
-2.646154 -0.426018 -0.297845 
-2.641576 -0.430595 -0.307000 
-2.641576 -0.444328 -0.334466 
-2.641576 -0.444328 -0.334466 
-2.646154 -0.448906 -0.343621 
-2.646154 -0.439751 -0.343621 
-2.646154 -0.448906 -0.343621 
-2.636999 -0.448906 -0.325311 
-2.636999 -0.458061 -0.334466 
-2.636999 -0.453483 -0.329888 
-2.636999 -0.448906 -0.316155 
-2.641576 -0.448906 -0.316155 
-2.641576 -0.448906 -0.302423 
-2.636999 -0.444328 -0.284112 
-2.646154 -0.448906 -0.293267 
-2.632421 -0.439751 -0.279535 
-2.627843 -0.439751 -0.288690 
-2.636999 -0.439751 -0.288690 
-2.627843 -0.439751 -0.288690 
-2.646154 -0.444328 -0.297845 
-2.641576 -0.435173 -0.307000 
-2.641576 -0.448906 -0.316155 
-2.646154 -0.435173 -0.316155 
-2.641576 -0.439751 -0.334466 
-2.641576 -0.444328 -0.334466 
-2.641576 -0.435173 -0.339043 
-2.636999 -0.435173 -0.329888 
-2.641576 -0.444328 -0.325311 
-2.632421 -0.439751 -0.325311 
-2.636999 -0.439751 -0.320733 
-2.627843 -0.435173 -0.311578 
-2.623266 -0.435173 -0.293267 
-2.632421 -0.435173 -0.288690 
-2.627843 -0.430595 -0.293267 
-2.632421 -0.426018 -0.288690 
-2.627843 -0.435173 -0.288690 
-2.623266 -0.439751 -0.288690 
-2.632421 -0.430595 -0.302423 
-2.650731 -0.444328 -0.302423 
-2.636999 -0.448906 -0.302423 
-2.632421 -0.453483 -0.320733 
-2.632421 -0.453483 -0.320733 
-2.632421 -0.453483 -0.325311 
-2.636999 -0.467216 -0.334466 
-2.636999 -0.458061 -0.325311 
-2.627843 -0.462639 -0.325311 
-2.632421 -0.458061 -0.325311 
-2.627843 -0.462639 -0.325311 
-2.627843 -0.458061 -0.320733 
-2.618688 -0.453483 -0.311578 
-2.627843 -0.439751 -0.307000 
-2.623266 -0.435173 -0.302423 
-2.618688 -0.430595 -0.297845 
-2.623266 -0.430595 -0.288690 
-2.623266 -0.421440 -0.293267 
-2.618688 -0.416863 -0.293267 
-2.614111 -0.416863 -0.288690 
-2.627843 -0.421440 -0.293267 
-2.627843 -0.421440 -0.311578 
-2.627843 -0.430595 -0.302423 
-2.627843 -0.444328 -0.311578 
-2.632421 -0.444328 -0.325311 
-2.636999 -0.453483 -0.320733 
-2.632421 -0.453483 -0.329888 
-2.623266 -0.462639 -0.329888 
-2.627843 -0.458061 -0.329888 
-2.627843 -0.471794 -0.334466 
-2.614111 -0.458061 -0.329888 
-2.618688 -0.453483 -0.311578 
-2.627843 -0.453483 -0.316155 
-2.623266 -0.458061 -0.302423 
-2.623266 -0.444328 -0.297845 
-2.618688 -0.439751 -0.302423 
-2.614111 -0.435173 -0.297845 
-2.623266 -0.421440 -0.297845 
-2.614111 -0.426018 -0.302423 
-2.618688 -0.416863 -0.293267 
-2.609533 -0.421440 -0.302423 
-2.627843 -0.421440 -0.297845 
-2.623266 -0.426018 -0.316155 
-2.618688 -0.430595 -0.325311 
-2.618688 -0.426018 -0.311578 
-2.623266 -0.435173 -0.325311 
-2.623266 -0.439751 -0.320733 
-2.614111 -0.444328 -0.320733 
-2.618688 -0.453483 -0.320733 
-2.623266 -0.453483 -0.316155 
-2.618688 -0.458061 -0.307000 
-2.609533 -0.453483 -0.316155 
-2.600378 -0.458061 -0.302423 
-2.586645 -0.453483 -0.302423 
-2.568335 -0.448906 -0.307000 
-2.559179 -0.444328 -0.297845 
-2.531714 -0.444328 -0.302423 
-2.517981 -0.448906 -0.316155 
-2.504248 -0.448906 -0.307000 
-2.472205 -0.444328 -0.311578 
-2.449317 -0.444328 -0.311578 
-2.421851 -0.444328 -0.316155 
-2.394386 -0.444328 -0.316155 
-2.366920 -0.439751 -0.316155 
-2.344032 -0.444328 -0.320733 
-2.311989 -0.448906 -0.320733 
-2.279946 -0.439751 -0.316155 
-2.252480 -0.444328 -0.329888 
-2.220437 -0.444328 -0.311578 
-2.188394 -0.435173 -0.297845 
-2.147195 -0.435173 -0.297845 
-2.105997 -0.435173 -0.288690 
-2.073954 -0.435173 -0.288690 
-2.046488 -0.439751 -0.270379 
-2.019023 -0.439751 -0.288690 
-1.977824 -0.435173 -0.293267 
-1.945781 -0.435173 -0.293267 
-1.922893 -0.435173 -0.284112 
-1.886272 -0.444328 -0.297845 
-1.858807 -0.453483 -0.297845 
-1.822186 -0.453483 -0.302423 
-1.776410 -0.458061 -0.316155 
-1.748944 -0.467216 -0.320733 
-1.712323 -0.467216 -0.329888 
-1.689435 -0.467216 -0.316155 
-1.648237 -0.471794 -0.343621 
-1.616194 -0.480949 -0.316155 
-1.579573 -0.462639 -0.329888 
-1.542952 -0.467216 -0.316155 
-1.515487 -0.458061 -0.316155 
-1.478866 -0.448906 -0.307000 
-1.442245 -0.444328 -0.300134 
-1.405624 -0.439751 -0.293267 
-1.382736 -0.439751 -0.293267 
-1.336960 -0.439751 -0.284112 
-1.309495 -0.430595 -0.284112 
-1.263719 -0.426018 -0.279535 
-1.236253 -0.426018 -0.279535 
-1.204210 -0.435173 -0.265802 
-1.172167 -0.439751 -0.288690 
-1.140123 -0.444328 -0.284112 
-1.108080 -0.448906 -0.297845 
-1.080615 -0.453483 -0.297845 
-1.039416 -0.467216 -0.307000 
-1.007373 -0.467216 -0.307000 
-0.975330 -0.471794 -0.311578 
-0.957019 -0.476371 -0.325311 
-0.920399 -0.476371 -0.320733 
-0.888355 -0.476371 -0.316155 
-0.856312 -0.471794 -0.320733 
-0.824269 -0.471794 -0.311578 
-0.792226 -0.462639 -0.302423 
-0.760183 -0.462639 -0.316155 
-0.718984 -0.458061 -0.297845 
-0.686941 -0.458061 -0.297845 
-0.659475 -0.458061 -0.279535 
-0.627432 -0.444328 -0.293267 
-0.586234 -0.448906 -0.288690 
-0.563346 -0.448906 -0.293267 
-0.535880 -0.453483 -0.288690 
-0.494682 -0.448906 -0.288690 
-0.471794 -0.458061 -0.293267 
-0.435173 -0.458061 -0.288690 
-0.407707 -0.453483 -0.288690 
-0.366509 -0.462639 -0.293267 
-0.343621 -0.462639 -0.293267 
-0.307000 -0.467216 -0.297845 
-0.274957 -0.471794 -0.288690 
-0.247491 -0.471794 -0.288690 
-0.206293 -0.471794 -0.279535 
-0.178827 -0.471794 -0.288690 
-0.155939 -0.471794 -0.284112 
-0.119319 -0.471794 -0.297845 
-0.082698 -0.471794 -0.284112 
-0.046077 -0.471794 -0.279535 
-0.018611 -0.467216 -0.293267 
0.008854 -0.467216 -0.293267 
0.045475 -0.471794 -0.297845 
0.077518 -0.476371 -0.311578 
0.104984 -0.476371 -0.302423 
0.141605 -0.476371 -0.311578 
0.173648 -0.471794 -0.302423 
0.196536 -0.467216 -0.302423 
0.237734 -0.471794 -0.316155 
0.269777 -0.471794 -0.307000 
0.301821 -0.471794 -0.307000 
0.329286 -0.471794 -0.307000 
0.365907 -0.471794 -0.293267 
0.397950 -0.458061 -0.284112 
0.434571 -0.458061 -0.284112 
0.457459 -0.458061 -0.265802 
0.498657 -0.458061 -0.265802 
0.530701 -0.462639 -0.270379 
0.562744 -0.462639 -0.265802 
0.599365 -0.458061 -0.256647 
0.626830 -0.462639 -0.256647 
0.654296 -0.471794 -0.261224 
0.690917 -0.476371 -0.265802 
0.727537 -0.476371 -0.270379 
0.759581 -0.480949 -0.284112 
0.791624 -0.490104 -0.279535 
0.819089 -0.490104 -0.293267 
0.851133 -0.499259 -0.297845 
0.883176 -0.494682 -0.302423 
0.915219 -0.499259 -0.316155 
0.951840 -0.490104 -0.320733 
0.988461 -0.490104 -0.320733 
1.015926 -0.485527 -0.307000 
1.047969 -0.485527 -0.302423 
1.082301 -0.480949 -0.300134 
1.116633 -0.476371 -0.297845 
1.162409 -0.471794 -0.284112 
1.194453 -0.458061 -0.270379 
1.226496 -0.467216 -0.270379 
1.249384 -0.462639 -0.265802 
1.295160 -0.462639 -0.270379 
1.318048 -0.471794 -0.261224 
1.350091 -0.471794 -0.270379 
1.386712 -0.480949 -0.261224 
1.418755 -0.485527 -0.270379 
1.450798 -0.480949 -0.270379 
1.473686 -0.494682 -0.284112 
1.510307 -0.499259 -0.284112 
1.542350 -0.499259 -0.270379 
1.560661 -0.499259 -0.284112 
1.597281 -0.499259 -0.302423 
1.620169 -0.494682 -0.284112 
1.638480 -0.499259 -0.288690 
1.656790 -0.499259 -0.284112 
1.675101 -0.494682 -0.293267 
1.684256 -0.490104 -0.288690 
1.707144 -0.499259 -0.297845 
1.720877 -0.485527 -0.288690 
1.734609 -0.485527 -0.288690 
1.748342 -0.485527 -0.293267 
1.762075 -0.485527 -0.288690 
1.757497 -0.476371 -0.284112 
1.757497 -0.490104 -0.288690 
1.780385 -0.480949 -0.288690 
1.784963 -0.480949 -0.288690 
1.789541 -0.480949 -0.288690 
1.798696 -0.490104 -0.288690 
1.807851 -0.490104 -0.284112 
1.812429 -0.485527 -0.274957 
1.817006 -0.485527 -0.284112 
1.826161 -0.485527 -0.270379 
1.839894 -0.494682 -0.270379 
1.830739 -0.490104 -0.274957 
1.839894 -0.494682 -0.274957 
1.844472 -0.490104 -0.265802 
1.849049 -0.494682 -0.274957 
1.849049 -0.490104 -0.270379 
1.853627 -0.494682 -0.279535 
1.853627 -0.499259 -0.270379 
1.862782 -0.494682 -0.284112 
1.858205 -0.503837 -0.288690 
1.858205 -0.512992 -0.293267 
1.858205 -0.508415 -0.302423 
1.858205 -0.508415 -0.307000 
1.858205 -0.517570 -0.311578 
1.858205 -0.512992 -0.302423 
1.849049 -0.508415 -0.307000 
1.853627 -0.508415 -0.311578 
1.853627 -0.503837 -0.307000 
1.862782 -0.503837 -0.297845 
1.862782 -0.499259 -0.284112 
1.862782 -0.490104 -0.279535 
1.858205 -0.480949 -0.270379 
1.858205 -0.480949 -0.274957 
1.862782 -0.480949 -0.279535 
1.858205 -0.485527 -0.265802 
1.862782 -0.471794 -0.261224 
1.867360 -0.476371 -0.261224 
1.853627 -0.485527 -0.256647 
1.862782 -0.485527 -0.265802 
1.858205 -0.494682 -0.265802 
1.853627 -0.499259 -0.284112 
1.858205 -0.503837 -0.265802 
1.849049 -0.503837 -0.284112 
1.858205 -0.508415 -0.274957 
1.853627 -0.517570 -0.297845 
1.849049 -0.531303 -0.293267 
1.844472 -0.517570 -0.302423 
1.849049 -0.508415 -0.311578 
1.844472 -0.512992 -0.307000 
1.844472 -0.503837 -0.307000 
1.849049 -0.508415 -0.293267 
1.844472 -0.499259 -0.302423 
1.844472 -0.494682 -0.288690 
1.839894 -0.490104 -0.288690 
1.849049 -0.485527 -0.274957 
1.844472 -0.480949 -0.279535 
1.826161 -0.480949 -0.279535 
1.835317 -0.480949 -0.270379 
1.835317 -0.485527 -0.279535 
1.839894 -0.476371 -0.270379 
1.835317 -0.485527 -0.279535 
1.839894 -0.490104 -0.279535 
1.835317 -0.494682 -0.284112 
1.839894 -0.494682 -0.279535 
1.835317 -0.503837 -0.284112 
1.835317 -0.503837 -0.288690 
1.830739 -0.512992 -0.284112 
1.830739 -0.508415 -0.284112 
1.826161 -0.503837 -0.288690 
1.826161 -0.508415 -0.288690 
1.826161 -0.503837 -0.279535 
1.821584 -0.499259 -0.284112 
1.826161 -0.494682 -0.284112 
1.830739 -0.485527 -0.270379 
1.826161 -0.485527 -0.284112 
1.821584 -0.485527 -0.274957 
1.821584 -0.476371 -0.288690 
1.812429 -0.485527 -0.297845 
1.821584 -0.485527 -0.288690 
1.807851 -0.490104 -0.288690 
1.812429 -0.490104 -0.297845 
1.807851 -0.494682 -0.307000 
1.803273 -0.499259 -0.297845 
1.807851 -0.503837 -0.293267 
1.807851 -0.508415 -0.297845 
1.812429 -0.508415 -0.302423 
1.817006 -0.508415 -0.293267 
1.798696 -0.499259 -0.297845 
1.812429 -0.499259 -0.288690 
1.807851 -0.499259 -0.284112 
1.817006 -0.485527 -0.284112 
1.812429 -0.490104 -0.270379 
1.798696 -0.476371 -0.284112 
1.803273 -0.471794 -0.265802 
1.798696 -0.476371 -0.270379 
1.798696 -0.476371 -0.261224 
1.807851 -0.476371 -0.274957 
1.803273 -0.485527 -0.270379 
1.794118 -0.490104 -0.274957 
1.798696 -0.490104 -0.284112 
1.794118 -0.508415 -0.279535 
1.780385 -0.499259 -0.302423 
1.789541 -0.503837 -0.307000 
1.780385 -0.508415 -0.307000 
1.789541 -0.517570 -0.307000 
1.784963 -0.512992 -0.302423 
1.794118 -0.508415 -0.302423 
1.794118 -0.494682 -0.297845 
1.780385 -0.499259 -0.302423 
1.798696 -0.490104 -0.293267 
1.794118 -0.499259 -0.279535 
1.794118 -0.485527 -0.274957 
1.789541 -0.480949 -0.265802 
1.789541 -0.476371 -0.265802 
1.794118 -0.476371 -0.274957 
1.789541 -0.480949 -0.256647 
1.789541 -0.480949 -0.261224 
1.784963 -0.485527 -0.270379 
1.784963 -0.490104 -0.270379 
1.775808 -0.485527 -0.270379 
1.771230 -0.494682 -0.270379 
1.771230 -0.494682 -0.284112 
1.775808 -0.499259 -0.288690 
1.780385 -0.508415 -0.284112 
1.775808 -0.508415 -0.288690 
1.775808 -0.503837 -0.293267 
1.771230 -0.508415 -0.297845 
1.775808 -0.503837 -0.284112 
1.771230 -0.503837 -0.293267 
1.771230 -0.503837 -0.284112 
1.762075 -0.494682 -0.274957 
1.771230 -0.494682 -0.288690 
1.766653 -0.494682 -0.297845 
1.771230 -0.485527 -0.297845 
1.766653 -0.480949 -0.288690 
1.771230 -0.480949 -0.293267 
1.762075 -0.480949 -0.293267 
1.762075 -0.485527 -0.293267 
1.762075 -0.490104 -0.284112 
1.762075 -0.490104 -0.279535 
1.762075 -0.503837 -0.284112 
1.762075 -0.503837 -0.274957 
1.766653 -0.503837 -0.284112 
1.757497 -0.503837 -0.279535 
1.752920 -0.503837 -0.279535 
1.752920 -0.503837 -0.279535 
1.748342 -0.503837 -0.293267 
1.752920 -0.499259 -0.274957 
1.752920 -0.485527 -0.288690 
1.752920 -0.485527 -0.284112 
1.743765 -0.485527 -0.279535 
1.734609 -0.476371 -0.288690 
1.752920 -0.476371 -0.293267 
1.739187 -0.485527 -0.288690 
1.748342 -0.490104 -0.288690 
1.748342 -0.480949 -0.297845 
1.743765 -0.485527 -0.293267 
1.739187 -0.494682 -0.297845 
1.739187 -0.499259 -0.293267 
1.743765 -0.503837 -0.297845 
1.739187 -0.494682 -0.284112 
1.734609 -0.499259 -0.293267 
1.730032 -0.512992 -0.297845 
1.739187 -0.503837 -0.293267 
1.730032 -0.499259 -0.293267 
1.734609 -0.499259 -0.284112 
1.732321 -0.501548 -0.279535 
1.730032 -0.503837 -0.274957 
1.725454 -0.485527 -0.284112 
1.720877 -0.480949 -0.274957 
1.730032 -0.480949 -0.279535 
1.730032 -0.471794 -0.265802 
1.720877 -0.480949 -0.279535 
1.734609 -0.476371 -0.279535 
1.730032 -0.476371 -0.270379 
1.730032 -0.480949 -0.279535 
1.748342 -0.485527 -0.279535 
1.716299 -0.494682 -0.288690 
1.711721 -0.499259 -0.302423 
1.716299 -0.499259 -0.284112 
1.711721 -0.512992 -0.293267 
1.711721 -0.512992 -0.307000 
1.716299 -0.512992 -0.297845 
1.711721 -0.503837 -0.293267 
1.716299 -0.508415 -0.288690 
1.711721 -0.508415 -0.293267 
1.716299 -0.501548 -0.290979 
1.720877 -0.494682 -0.288690 
1.697989 -0.490104 -0.288690 
1.711721 -0.490104 -0.288690 
1.716299 -0.476371 -0.274957 
1.707144 -0.476371 -0.284112 
1.711721 -0.480949 -0.261224 
1.711721 -0.480949 -0.279535 
1.711721 -0.476371 -0.270379 
1.711721 -0.476371 -0.270379 
1.702566 -0.485527 -0.270379 
1.707144 -0.490104 -0.284112 
1.702566 -0.499259 -0.270379 
1.702566 -0.503837 -0.270379 
1.707144 -0.503837 -0.284112 
1.702566 -0.503837 -0.279535 
1.697989 -0.499259 -0.284112 
1.707144 -0.503837 -0.284112 
1.697989 -0.494682 -0.284112 
1.688833 -0.490104 -0.302423 
1.697989 -0.494682 -0.288690 
1.693411 -0.490104 -0.307000 
1.697989 -0.485527 -0.297845 
1.693411 -0.485527 -0.302423 
1.693411 -0.490104 -0.288690 
1.688833 -0.490104 -0.284112 
1.688833 -0.494682 -0.274957 
1.679678 -0.499259 -0.284112 
1.693411 -0.508415 -0.274957 
1.697989 -0.494682 -0.270379 
1.693411 -0.508415 -0.293267 
1.688833 -0.508415 -0.288690 
1.684256 -0.508415 -0.279535 
1.693411 -0.512992 -0.284112 
1.688833 -0.503837 -0.279535 
1.684256 -0.503837 -0.284112 
1.688833 -0.499259 -0.274957 
1.684256 -0.494682 -0.284112 
1.675101 -0.490104 -0.279535 
1.670523 -0.485527 -0.284112 
1.661368 -0.485527 -0.279535 
1.647635 -0.471794 -0.284112 
1.633902 -0.480949 -0.297845 
1.620169 -0.476371 -0.293267 
1.601859 -0.476371 -0.297845 
1.569816 -0.485527 -0.297845 
1.546928 -0.485527 -0.288690 
1.524040 -0.494682 -0.297845 
1.496574 -0.494682 -0.297845 
1.469109 -0.503837 -0.293267 
1.441643 -0.494682 -0.297845 
1.414177 -0.508415 -0.302423 
1.391289 -0.517570 -0.297845 
1.345513 -0.508415 -0.288690 
1.327203 -0.512992 -0.293267 
1.295160 -0.508415 -0.288690 
1.263117 -0.512992 -0.302423 
1.235651 -0.494682 -0.284112 
1.199030 -0.480949 -0.274957 
1.166987 -0.490104 -0.288690 
1.130366 -0.471794 -0.284112 
1.102901 -0.471794 -0.288690 
1.070857 -0.467216 -0.284112 
1.038814 -0.471794 -0.288690 
1.011349 -0.471794 -0.284112 
0.974728 -0.471794 -0.284112 
0.942685 -0.467216 -0.279535 
0.910641 -0.476371 -0.284112 
0.878598 -0.480949 -0.293267 
0.855710 -0.485527 -0.297845 
0.823667 -0.485527 -0.293267 
0.791624 -0.490104 -0.288690 
0.759581 -0.494682 -0.293267 
0.718382 -0.490104 -0.297845 
0.690917 -0.485527 -0.293267 
0.654296 -0.490104 -0.293267 
0.626830 -0.494682 -0.307000 
0.594787 -0.485527 -0.302423 
0.553589 -0.480949 -0.293267 
0.526123 -0.480949 -0.297845 
0.494080 -0.485527 -0.284112 
0.462037 -0.476371 -0.288690 
0.434571 -0.471794 -0.279535 
0.402528 -0.476371 -0.284112 
0.370485 -0.467216 -0.297845 
0.333864 -0.476371 -0.274957 
0.306398 -0.471794 -0.288690 
0.265200 -0.471794 -0.288690 
0.233157 -0.480949 -0.284112 
0.196536 -0.471794 -0.279535 
0.169070 -0.467216 -0.293267 
0.132449 -0.471794 -0.293267 
0.104984 -0.467216 -0.293267 
0.063785 -0.467216 -0.297845 
0.036320 -0.471794 -0.284112 
0.013432 -0.462639 -0.307000 
-0.027767 -0.467216 -0.307000 
-0.059810 -0.462639 -0.307000 
-0.087275 -0.458061 -0.302423 
-0.123896 -0.467216 -0.293267 
-0.165095 -0.458061 -0.293267 
-0.197138 -0.462639 -0.288690 
-0.224603 -0.462639 -0.293267 
-0.252069 -0.467216 -0.293267 
-0.284112 -0.467216 -0.293267 
-0.325311 -0.480949 -0.288690 
-0.343621 -0.485527 -0.288690 
-0.389397 -0.480949 -0.293267 
-0.421440 -0.476371 -0.284112 
-0.458061 -0.485527 -0.284112 
-0.485527 -0.480949 -0.288690 
-0.522147 -0.485527 -0.284112 
-0.545035 -0.476371 -0.293267 
-0.581656 -0.471794 -0.297845 
-0.609122 -0.471794 -0.293267 
-0.645743 -0.458061 -0.293267 
-0.682363 -0.462639 -0.293267 
-0.718984 -0.453483 -0.297845 
-0.741872 -0.448906 -0.288690 
-0.769338 -0.444328 -0.297845 
-0.801381 -0.444328 -0.293267 
-0.838002 -0.444328 -0.297845 
-0.865467 -0.453483 -0.297845 
-0.897511 -0.448906 -0.293267 
-0.938709 -0.458061 -0.302423 
-0.966175 -0.458061 -0.297845 
-1.002795 -0.471794 -0.293267 
-1.030261 -0.467216 -0.297845 
-1.062304 -0.471794 -0.307000 
-1.094347 -0.471794 -0.302423 
-1.126391 -0.476371 -0.297845 
-1.167589 -0.476371 -0.302423 
-1.190477 -0.471794 -0.307000 
-1.227098 -0.471794 -0.293267 
-1.259141 -0.471794 -0.297845 
-1.288895 -0.467216 -0.297845 
-1.318650 -0.462639 -0.297845 
-1.350693 -0.453483 -0.297845 
-1.387314 -0.458061 -0.307000 
-1.419357 -0.444328 -0.293267 
-1.451400 -0.448906 -0.302423 
-1.483443 -0.444328 -0.297845 
-1.520064 -0.448906 -0.297845 
-1.547530 -0.453483 -0.297845 
-1.584151 -0.444328 -0.302423 
-1.611616 -0.448906 -0.302423 
-1.639082 -0.453483 -0.302423 
-1.671125 -0.458061 -0.311578 
-1.694013 -0.453483 -0.302423 
-1.721479 -0.453483 -0.316155 
-1.762677 -0.453483 -0.316155 
-1.780987 -0.458061 -0.307000 
-1.808453 -0.448906 -0.320733 
-1.822186 -0.458061 -0.320733 
-1.863384 -0.444328 -0.307000 
-1.886272 -0.448906 -0.307000 
-1.913738 -0.448906 -0.302423 
-1.932048 -0.448906 -0.297845 
-1.959514 -0.458061 -0.297845 
-1.982402 -0.453483 -0.302423 
-2.009867 -0.453483 -0.297845 
-2.032755 -0.453483 -0.302423 
-2.055643 -0.444328 -0.302423 
-2.083109 -0.453483 -0.302423 
-2.096842 -0.448906 -0.302423 
-2.115152 -0.448906 -0.307000 
-2.138040 -0.439751 -0.307000 
-2.165506 -0.448906 -0.316155 
-2.188394 -0.444328 -0.320733 
-2.206704 -0.435173 -0.316155 
-2.225015 -0.439751 -0.311578 
-2.261635 -0.430595 -0.320733 
-2.275368 -0.439751 -0.311578 
-2.293679 -0.426018 -0.302423 
-2.316567 -0.426018 -0.307000 
-2.330299 -0.426018 -0.311578 
-2.348610 -0.435173 -0.293267 
-2.376075 -0.435173 -0.297845 
-2.389808 -0.439751 -0.307000 
-2.408119 -0.444328 -0.297845 
-2.435584 -0.444328 -0.302423 
-2.449317 -0.467216 -0.288690 
-2.472205 -0.448906 -0.297845 
-2.490515 -0.458061 -0.297845 
-2.499671 -0.458061 -0.316155 
-2.531714 -0.458061 -0.316155 
-2.540869 -0.448906 -0.325311 
-2.559179 -0.462639 -0.320733 
-2.572912 -0.453483 -0.316155 
-2.591223 -0.448906 -0.316155 
-2.600378 -0.453483 -0.311578 
-2.618688 -0.444328 -0.311578 
-2.623266 -0.439751 -0.311578 
-2.646154 -0.444328 -0.316155 
-2.655309 -0.435173 -0.311578 
-2.659887 -0.435173 -0.297845 
-2.669042 -0.435173 -0.302423 
-2.678197 -0.426018 -0.302423 
-2.682775 -0.430595 -0.307000 
-2.701085 -0.426018 -0.307000 
-2.701085 -0.426018 -0.311578 
-2.705663 -0.435173 -0.316155 
-2.710240 -0.421440 -0.311578 
-2.714818 -0.426018 -0.311578 
-2.719395 -0.435173 -0.316155 
-2.723973 -0.435173 -0.307000 
-2.733128 -0.430595 -0.316155 
-2.728551 -0.439751 -0.316155 
-2.737706 -0.439751 -0.320733 
-2.737706 -0.448906 -0.316155 
-2.737706 -0.453483 -0.307000 
-2.733128 -0.453483 -0.302423 
-2.728551 -0.453483 -0.311578 
-2.733128 -0.458061 -0.311578 
-2.746861 -0.458061 -0.307000 
-2.737706 -0.458061 -0.316155 
-2.742283 -0.453483 -0.316155 
-2.746861 -0.444328 -0.316155 
-2.746861 -0.444328 -0.311578 
-2.742283 -0.435173 -0.320733 
-2.746861 -0.430595 -0.311578 
-2.733128 -0.430595 -0.320733 
-2.737706 -0.430595 -0.329888 
-2.737706 -0.416863 -0.316155 
-2.723973 -0.421440 -0.311578 
-2.737706 -0.416863 -0.320733 
-2.733128 -0.421440 -0.311578 
-2.719395 -0.426018 -0.297845 
-2.728551 -0.430595 -0.316155 
-2.737706 -0.435173 -0.307000 
-2.719395 -0.448906 -0.297845 
-2.728551 -0.444328 -0.293267 
-2.723973 -0.448906 -0.293267 
-2.719395 -0.462639 -0.307000 
-2.723973 -0.453483 -0.307000 
-2.728551 -0.448906 -0.325311 
-2.723973 -0.458061 -0.320733 
-2.719395 -0.448906 -0.320733 
-2.719395 -0.444328 -0.316155 
-2.714818 -0.439751 -0.320733 
-2.719395 -0.439751 -0.320733 
-2.714818 -0.426018 -0.320733 
-2.701085 -0.439751 -0.325311 
-2.705663 -0.430595 -0.316155 
-2.705663 -0.439751 -0.325311 
-2.705663 -0.430595 -0.316155 
-2.705663 -0.435173 -0.316155 
-2.701085 -0.444328 -0.320733 
-2.691930 -0.448906 -0.311578 
-2.691930 -0.448906 -0.320733 
-2.701085 -0.453483 -0.307000 
-2.691930 -0.448906 -0.316155 
-2.696507 -0.444328 -0.311578 
-2.696507 -0.448906 -0.325311 
-2.682775 -0.444328 -0.325311 
-2.696507 -0.435173 -0.320733 
-2.678197 -0.439751 -0.325311 
-2.682775 -0.435173 -0.325311 
-2.682775 -0.426018 -0.311578 
-2.682775 -0.430595 -0.302423 
-2.682775 -0.421440 -0.311578 
-2.687352 -0.430595 -0.302423 
-2.678197 -0.439751 -0.297845 
-2.673619 -0.439751 -0.307000 
-2.678197 -0.444328 -0.302423 
-2.678197 -0.453483 -0.293267 
-2.678197 -0.453483 -0.302423 
-2.669042 -0.458061 -0.297845 
-2.673619 -0.458061 -0.307000 
-2.678197 -0.458061 -0.316155 
-2.669042 -0.462639 -0.329888 
-2.664464 -0.458061 -0.334466 
-2.673619 -0.453483 -0.334466 
-2.669042 -0.448906 -0.334466 
-2.669042 -0.448906 -0.339043 
-2.659887 -0.439751 -0.339043 
-2.664464 -0.444328 -0.325311 
-2.669042 -0.448906 -0.325311 
-2.659887 -0.444328 -0.316155 
-2.659887 -0.435173 -0.307000 
-2.659887 -0.430595 -0.307000 
-2.664464 -0.435173 -0.307000 
-2.664464 -0.439751 -0.293267 
-2.664464 -0.444328 -0.284112 
-2.659887 -0.439751 -0.293267 
-2.659887 -0.435173 -0.297845 
-2.650731 -0.430595 -0.288690 
-2.659887 -0.439751 -0.288690 
-2.659887 -0.444328 -0.302423 
-2.664464 -0.439751 -0.307000 
-2.659887 -0.448906 -0.311578 
-2.664464 -0.444328 -0.311578 
-2.655309 -0.444328 -0.320733 
-2.655309 -0.439751 -0.320733 
-2.650731 -0.439751 -0.329888 
-2.650731 -0.448906 -0.325311 
-2.646154 -0.444328 -0.343621 
-2.646154 -0.444328 -0.339043 
-2.646154 -0.453483 -0.329888 
-2.646154 -0.439751 -0.325311 
-2.646154 -0.439751 -0.316155 
-2.646154 -0.444328 -0.320733 
-2.646154 -0.444328 -0.307000 
-2.641576 -0.448906 -0.302423 
-2.646154 -0.444328 -0.302423 
-2.646154 -0.435173 -0.302423 
-2.650731 -0.444328 -0.302423 
-2.636999 -0.435173 -0.302423 
-2.641576 -0.439751 -0.311578 
-2.636999 -0.430595 -0.302423 
-2.636999 -0.430595 -0.302423 
-2.632421 -0.435173 -0.302423 
-2.646154 -0.435173 -0.302423 
-2.641576 -0.430595 -0.311578 
-2.641576 -0.448906 -0.302423 
-2.636999 -0.439751 -0.307000 
-2.641576 -0.439751 -0.311578 
-2.641576 -0.453483 -0.316155 
-2.636999 -0.444328 -0.311578 
-2.636999 -0.448906 -0.320733 
-2.632421 -0.444328 -0.316155 
-2.641576 -0.439751 -0.316155 
-2.632421 -0.444328 -0.325311 
-2.636999 -0.439751 -0.320733 
-2.632421 -0.435173 -0.311578 
-2.641576 -0.439751 -0.307000 
-2.632421 -0.435173 -0.325311 
-2.632421 -0.439751 -0.311578 
-2.641576 -0.435173 -0.311578 
-2.636999 -0.435173 -0.316155 
-2.636999 -0.439751 -0.320733 
-2.632421 -0.439751 -0.316155 
-2.627843 -0.430595 -0.316155 
-2.636999 -0.439751 -0.311578 
-2.636999 -0.448906 -0.311578 
-2.632421 -0.444328 -0.316155 
-2.623266 -0.448906 -0.302423 
-2.627843 -0.448906 -0.297845 
-2.632421 -0.448906 -0.307000 
-2.627843 -0.448906 -0.297845 
-2.627843 -0.453483 -0.307000 
-2.627843 -0.444328 -0.302423 
-2.627843 -0.448906 -0.293267 
-2.627843 -0.448906 -0.302423 
-2.632421 -0.439751 -0.311578 
-2.623266 -0.439751 -0.316155 
-2.627843 -0.448906 -0.325311 
-2.627843 -0.439751 -0.316155 
-2.627843 -0.439751 -0.316155 
-2.627843 -0.430595 -0.316155 
-2.627843 -0.435173 -0.334466 
-2.623266 -0.439751 -0.325311 
-2.641576 -0.439751 -0.325311 
-2.623266 -0.444328 -0.302423 
-2.627843 -0.444328 -0.316155 
-2.627843 -0.453483 -0.307000 
-2.618688 -0.439751 -0.307000 
-2.623266 -0.448906 -0.302423 
-2.623266 -0.453483 -0.307000 
-2.614111 -0.448906 -0.288690 
-2.618688 -0.444328 -0.307000 
-2.623266 -0.448906 -0.288690 
-2.614111 -0.453483 -0.297845 
-2.614111 -0.444328 -0.311578 
-2.618688 -0.448906 -0.297845 
-2.627843 -0.435173 -0.307000 
-2.614111 -0.439751 -0.302423 
-2.618688 -0.435173 -0.316155 
-2.614111 -0.444328 -0.307000 
-2.623266 -0.439751 -0.311578 
-2.623266 -0.444328 -0.311578 
-2.623266 -0.444328 -0.316155 
-2.623266 -0.448906 -0.316155 
-2.618688 -0.448906 -0.325311 
-2.623266 -0.448906 -0.307000 
-2.614111 -0.453483 -0.325311 
-2.614111 -0.448906 -0.302423 
-2.614111 -0.448906 -0.320733 
-2.614111 -0.453483 -0.311578 
-2.618688 -0.453483 -0.311578 
-2.618688 -0.439751 -0.311578 
-2.609533 -0.448906 -0.311578 
-2.609533 -0.435173 -0.316155 
-2.614111 -0.439751 -0.302423 
-2.614111 -0.435173 -0.316155 
-2.609533 -0.430595 -0.302423 
-2.609533 -0.439751 -0.302423 
-2.609533 -0.435173 -0.311578 
-2.604955 -0.430595 -0.311578 
-2.609533 -0.430595 -0.307000 
-2.609533 -0.439751 -0.302423 
-2.614111 -0.444328 -0.302423 
-2.618688 -0.448906 -0.307000 
-2.609533 -0.448906 -0.307000 
-2.609533 -0.448906 -0.311578 
-2.609533 -0.448906 -0.307000 
-2.609533 -0.448906 -0.307000 
-2.609533 -0.439751 -0.316155 
-2.614111 -0.448906 -0.307000 
-2.609533 -0.435173 -0.316155 
-2.595800 -0.430595 -0.311578 
-2.591223 -0.426018 -0.325311 
-2.577490 -0.435173 -0.334466 
-2.563757 -0.426018 -0.325311 
-2.559179 -0.430595 -0.329888 
-2.522559 -0.435173 -0.334466 
-2.508826 -0.439751 -0.329888 
-2.481360 -0.448906 -0.329888 
-2.458472 -0.435173 -0.311578 
-2.435584 -0.448906 -0.302423 
-2.408119 -0.458061 -0.311578 
-2.380653 -0.458061 -0.307000 
-2.353187 -0.453483 -0.293267 
-2.321144 -0.453483 -0.293267 
-2.293679 -0.453483 -0.297845 
-2.261635 -0.448906 -0.288690 
-2.238747 -0.444328 -0.293267 
-2.202127 -0.444328 -0.288690 
-2.174661 -0.448906 -0.297845 
-2.142618 -0.444328 -0.288690 
-2.105997 -0.439751 -0.297845 
-2.083109 -0.444328 -0.293267 
-2.046488 -0.444328 -0.307000 
-2.009867 -0.444328 -0.316155 
-1.982402 -0.444328 -0.316155 
-1.945781 -0.448906 -0.320733 
-1.913738 -0.462639 -0.334466 
-1.881695 -0.458061 -0.320733 
-1.840496 -0.467216 -0.334466 
-1.813031 -0.462639 -0.329888 
-1.776410 -0.462639 -0.325311 
-1.739789 -0.462639 -0.320733 
-1.707746 -0.458061 -0.320733 
-1.671125 -0.458061 -0.311578 
-1.634504 -0.458061 -0.302423 
-1.602461 -0.453483 -0.302423 
-1.561263 -0.444328 -0.288690 
-1.542952 -0.453483 -0.293267 
-1.501754 -0.444328 -0.274957 
-1.469711 -0.448906 -0.279535 
-1.433090 -0.439751 -0.270379 
-1.405624 -0.444328 -0.265802 
-1.369003 -0.444328 -0.274957 
-1.332383 -0.448906 -0.279535 
-1.295762 -0.453483 -0.284112 
-1.268296 -0.458061 -0.288690 
-1.236253 -0.453483 -0.293267 
-1.204210 -0.462639 -0.302423 
-1.176744 -0.462639 -0.297845 
-1.135546 -0.467216 -0.302423 
-1.098925 -0.458061 -0.316155 
-1.071459 -0.467216 -0.316155 
-1.043994 -0.467216 -0.320733 
-1.011951 -0.453483 -0.316155 
-0.984485 -0.453483 -0.316155 
-0.947864 -0.458061 -0.316155 
-0.915821 -0.462639 -0.311578 
-0.874623 -0.462639 -0.307000 
-0.856312 -0.458061 -0.302423 
-0.819691 -0.467216 -0.297845 
-0.783071 -0.462639 -0.284112 
-0.755605 -0.462639 -0.284112 
-0.732717 -0.462639 -0.293267 
-0.691519 -0.467216 -0.288690 
-0.654898 -0.467216 -0.288690 
-0.627432 -0.462639 -0.274957 
-0.595389 -0.476371 -0.284112 
-0.558768 -0.467216 -0.284112 
-0.526725 -0.467216 -0.284112 
-0.499259 -0.471794 -0.293267 
-0.467216 -0.458061 -0.288690 
-0.435173 -0.467216 -0.297845 
-0.403130 -0.458061 -0.293267 
-0.361931 -0.462639 -0.302423 
-0.334466 -0.462639 -0.297845 
-0.302423 -0.467216 -0.288690 
-0.274957 -0.462639 -0.297845 
-0.238336 -0.467216 -0.297845 
-0.201715 -0.462639 -0.302423 
-0.165095 -0.471794 -0.297845 
-0.142207 -0.462639 -0.307000 
-0.110163 -0.467216 -0.302423 
-0.068965 -0.471794 -0.297845 
-0.050655 -0.467216 -0.293267 
-0.014034 -0.476371 -0.288690 
0.018009 -0.467216 -0.297845 
0.054630 -0.471794 -0.297845 
0.091251 -0.471794 -0.297845 
0.118717 -0.476371 -0.307000 
0.155337 -0.471794 -0.279535 
0.178225 -0.458061 -0.297845 
0.219424 -0.462639 -0.284112 
0.251467 -0.462639 -0.288690 
0.283510 -0.462639 -0.279535 
0.301821 -0.467216 -0.284112 
0.347597 -0.467216 -0.274957 
0.384217 -0.462639 -0.270379 
0.416261 -0.471794 -0.284112 
0.439149 -0.467216 -0.293267 
0.475769 -0.471794 -0.288690 
0.512390 -0.471794 -0.284112 
0.539856 -0.476371 -0.288690 
0.571899 -0.476371 -0.293267 
0.599365 -0.476371 -0.297845 
0.640563 -0.471794 -0.297845 
0.668029 -0.471794 -0.297845 
0.700072 -0.485527 -0.302423 
0.732115 -0.476371 -0.311578 
0.759581 -0.490104 -0.307000 
0.805357 -0.485527 -0.302423 
0.832822 -0.485527 -0.288690 
0.869443 -0.480949 -0.307000 
0.901486 -0.490104 -0.293267 
0.928952 -0.480949 -0.284112 
0.965573 -0.499259 -0.288690 
0.997616 -0.490104 -0.279535 
1.029659 -0.494682 -0.279535 
1.061702 -0.480949 -0.274957 
1.098323 -0.490104 -0.265802 
1.130366 -0.490104 -0.265802 
1.162409 -0.480949 -0.274957 
1.189875 -0.485527 -0.274957 
1.235651 -0.471794 -0.270379 
1.267694 -0.471794 -0.274957 
1.295160 -0.476371 -0.279535 
1.327203 -0.471794 -0.274957 
1.363824 -0.476371 -0.284112 
1.395867 -0.476371 -0.293267 
1.427910 -0.480949 -0.293267 
1.455376 -0.480949 -0.288690 
1.487419 -0.485527 -0.302423 
1.505729 -0.490104 -0.293267 
1.542350 -0.490104 -0.297845 
1.574393 -0.494682 -0.297845 
1.606437 -0.499259 -0.293267 
1.624747 -0.499259 -0.288690 
1.647635 -0.503837 -0.288690 
1.670523 -0.499259 -0.288690 
1.693411 -0.499259 -0.288690 
1.702566 -0.494682 -0.274957 
1.716299 -0.490104 -0.279535 
1.730032 -0.494682 -0.274957 
1.734609 -0.499259 -0.279535 
1.748342 -0.490104 -0.270379 
1.757497 -0.490104 -0.270379 
1.766653 -0.490104 -0.274957 
1.762075 -0.485527 -0.274957 
1.780385 -0.485527 -0.274957 
1.784963 -0.480949 -0.274957 
1.803273 -0.485527 -0.270379 
1.807851 -0.476371 -0.274957 
1.812429 -0.490104 -0.274957 
1.821584 -0.480949 -0.279535 
1.826161 -0.480949 -0.279535 
1.839894 -0.480949 -0.279535 
1.839894 -0.485527 -0.284112 
1.844472 -0.485527 -0.284112 
1.844472 -0.494682 -0.284112 
1.844472 -0.490104 -0.302423 
1.844472 -0.508415 -0.307000 
1.853627 -0.494682 -0.297845 
1.849049 -0.499259 -0.307000 
1.849049 -0.499259 -0.293267 
1.867360 -0.499259 -0.297845 
1.858205 -0.503837 -0.307000 
1.876515 -0.499259 -0.288690 
1.862782 -0.499259 -0.288690 
1.867360 -0.490104 -0.293267 
1.867360 -0.499259 -0.293267 
1.858205 -0.494682 -0.288690 
1.871937 -0.494682 -0.288690 
1.871937 -0.494682 -0.293267 
1.871937 -0.490104 -0.293267 
1.876515 -0.485527 -0.288690 
1.871937 -0.490104 -0.270379 
1.876515 -0.485527 -0.270379 
1.871937 -0.494682 -0.274957 
1.867360 -0.490104 -0.274957 
1.867360 -0.485527 -0.279535 
1.871937 -0.494682 -0.284112 
1.862782 -0.490104 -0.288690 
1.867360 -0.494682 -0.288690 
1.862782 -0.494682 -0.302423 
1.862782 -0.503837 -0.302423 
1.858205 -0.503837 -0.284112 
1.867360 -0.503837 -0.288690 
1.844472 -0.503837 -0.293267 
1.858205 -0.503837 -0.293267 
1.867360 -0.494682 -0.293267 
1.862782 -0.490104 -0.288690 
1.862782 -0.508415 -0.293267 
1.862782 -0.503837 -0.288690 
1.862782 -0.503837 -0.293267 
1.853627 -0.503837 -0.288690 
1.853627 -0.503837 -0.293267 
1.853627 -0.508415 -0.293267 
1.858205 -0.494682 -0.279535 
1.849049 -0.499259 -0.279535 
1.853627 -0.490104 -0.288690 
1.849049 -0.494682 -0.279535 
1.844472 -0.490104 -0.274957 
1.844472 -0.485527 -0.279535 
1.849049 -0.490104 -0.279535 
1.844472 -0.480949 -0.284112 
1.835317 -0.476371 -0.274957 
1.839894 -0.480949 -0.288690 
1.835317 -0.476371 -0.288690 
1.839894 -0.480949 -0.284112 
1.839894 -0.485527 -0.274957 
1.835317 -0.485527 -0.270379 
1.835317 -0.490104 -0.279535 
1.830739 -0.485527 -0.284112 
1.835317 -0.494682 -0.284112 
1.835317 -0.499259 -0.293267 
1.839894 -0.503837 -0.297845 
1.826161 -0.503837 -0.288690 
1.826161 -0.512992 -0.293267 
1.830739 -0.508415 -0.297845 
1.817006 -0.512992 -0.307000 
1.826161 -0.508415 -0.293267 
1.826161 -0.503837 -0.288690 
1.830739 -0.499259 -0.302423 
1.821584 -0.499259 -0.297845 
1.821584 -0.494682 -0.288690 
1.821584 -0.485527 -0.279535 
1.821584 -0.485527 -0.279535 
1.821584 -0.485527 -0.279535 
1.817006 -0.485527 -0.270379 
1.817006 -0.480949 -0.279535 
1.821584 -0.480949 -0.265802 
1.817006 -0.476371 -0.274957 
1.812429 -0.476371 -0.261224 
1.812429 -0.490104 -0.279535 
1.798696 -0.480949 -0.279535 
1.812429 -0.480949 -0.279535 
1.807851 -0.490104 -0.284112 
1.803273 -0.503837 -0.297845 
1.807851 -0.494682 -0.302423 
1.803273 -0.503837 -0.307000 
1.807851 -0.499259 -0.302423 
1.812429 -0.503837 -0.297845 
1.803273 -0.503837 -0.297845 
1.807851 -0.503837 -0.293267 
1.803273 -0.503837 -0.302423 
1.798696 -0.499259 -0.307000 
1.803273 -0.499259 -0.297845 
1.798696 -0.494682 -0.288690 
1.798696 -0.490104 -0.288690 
1.803273 -0.499259 -0.284112 
1.794118 -0.490104 -0.284112 
1.798696 -0.490104 -0.274957 
1.803273 -0.485527 -0.284112 
1.803273 -0.485527 -0.279535 
1.798696 -0.490104 -0.279535 
1.794118 -0.499259 -0.293267 
1.794118 -0.485527 -0.284112 
1.789541 -0.490104 -0.293267 
1.784963 -0.490104 -0.288690 
1.784963 -0.490104 -0.288690 
1.789541 -0.494682 -0.288690 
1.784963 -0.494682 -0.293267 
1.789541 -0.490104 -0.297845 
1.789541 -0.490104 -0.284112 
1.784963 -0.490104 -0.279535 
1.784963 -0.490104 -0.284112 
1.784963 -0.494682 -0.279535 
1.784963 -0.494682 -0.293267 
1.784963 -0.490104 -0.284112 
1.784963 -0.494682 -0.270379 
1.780385 -0.499259 -0.293267 
1.780385 -0.490104 -0.293267 
1.780385 -0.494682 -0.293267 
1.780385 -0.499259 -0.288690 
1.780385 -0.503837 -0.297845 
1.775808 -0.503837 -0.297845 
1.784963 -0.494682 -0.302423 
1.775808 -0.499259 -0.316155 
1.771230 -0.499259 -0.297845 
1.775808 -0.494682 -0.284112 
1.775808 -0.490104 -0.284112 
1.775808 -0.499259 -0.284112 
1.766653 -0.490104 -0.279535 
1.771230 -0.485527 -0.274957 
1.766653 -0.480949 -0.270379 
1.771230 -0.485527 -0.265802 
1.771230 -0.476371 -0.265802 
1.766653 -0.476371 -0.274957 
1.762075 -0.476371 -0.274957 
1.762075 -0.480949 -0.288690 
1.762075 -0.487815 -0.290979 
1.762075 -0.494682 -0.293267 
1.771230 -0.494682 -0.297845 
1.762075 -0.499259 -0.302423 
1.766653 -0.503837 -0.307000 
1.762075 -0.503837 -0.302423 
1.752920 -0.512992 -0.297845 
1.752920 -0.512992 -0.307000 
1.752920 -0.517570 -0.302423 
1.752920 -0.512992 -0.297845 
1.757497 -0.503837 -0.297845 
1.748342 -0.503837 -0.297845 
1.752920 -0.499259 -0.284112 
1.748342 -0.494682 -0.284112 
1.752920 -0.485527 -0.274957 
1.752920 -0.471794 -0.284112 
1.752920 -0.471794 -0.284112 
1.748342 -0.476371 -0.279535 
1.752920 -0.476371 -0.274957 
1.743765 -0.471794 -0.274957 
1.743765 -0.485527 -0.284112 
1.743765 -0.480949 -0.279535 
1.734609 -0.480949 -0.274957 
1.730032 -0.485527 -0.286401 
1.725454 -0.490104 -0.297845 
1.739187 -0.499259 -0.297845 
1.739187 -0.503837 -0.288690 
1.739187 -0.508415 -0.293267 
1.734609 -0.508415 -0.288690 
1.734609 -0.508415 -0.288690 
1.734609 -0.508415 -0.297845 
1.730032 -0.508415 -0.297845 
1.743765 -0.499259 -0.302423 
1.734609 -0.499259 -0.288690 
1.725454 -0.494682 -0.293267 
1.734609 -0.490104 -0.293267 
1.730032 -0.490104 -0.293267 
1.730032 -0.485527 -0.297845 
1.725454 -0.490104 -0.284112 
1.720877 -0.494682 -0.284112 
1.730032 -0.490104 -0.288690 
1.734609 -0.490104 -0.288690 
1.730032 -0.494682 -0.279535 
1.725454 -0.494682 -0.270379 
1.725454 -0.503837 -0.288690 
1.725454 -0.503837 -0.293267 
1.720877 -0.503837 -0.279535 
1.720877 -0.503837 -0.288690 
1.720877 -0.499259 -0.293267 
1.725454 -0.496971 -0.288690 
1.730032 -0.494682 -0.284112 
1.716299 -0.485527 -0.288690 
1.711721 -0.490104 -0.307000 
1.711721 -0.485527 -0.284112 
1.716299 -0.485527 -0.302423 
1.707144 -0.480949 -0.302423 
1.720877 -0.480949 -0.293267 
1.707144 -0.490104 -0.297845 
1.702566 -0.490104 -0.307000 
1.707144 -0.494682 -0.297845 
1.711721 -0.508415 -0.288690 
1.707144 -0.512992 -0.288690 
1.707144 -0.512992 -0.279535 
1.702566 -0.517570 -0.293267 
1.711721 -0.526725 -0.297845 
1.702566 -0.517570 -0.284112 
1.702566 -0.526725 -0.279535 
1.702566 -0.512992 -0.288690 
1.702566 -0.503837 -0.284112 
1.702566 -0.508415 -0.284112 
1.697989 -0.499259 -0.279535 
1.700277 -0.490104 -0.279535 
1.702566 -0.480949 -0.279535 
1.697989 -0.476371 -0.279535 
1.702566 -0.467216 -0.284112 
1.693411 -0.471794 -0.274957 
1.697989 -0.471794 -0.284112 
1.688833 -0.471794 -0.279535 
1.679678 -0.471794 -0.288690 
1.665945 -0.485527 -0.288690 
1.661368 -0.490104 -0.284112 
1.647635 -0.499259 -0.288690 
1.629325 -0.503837 -0.284112 
1.601859 -0.503837 -0.297845 
1.583549 -0.508415 -0.279535 
1.556083 -0.512992 -0.288690 
1.542350 -0.512992 -0.288690 
1.519462 -0.508415 -0.279535 
1.482841 -0.508415 -0.288690 
1.455376 -0.508415 -0.293267 
1.427910 -0.494682 -0.279535 
1.391289 -0.499259 -0.284112 
1.372979 -0.480949 -0.279535 
1.340936 -0.485527 -0.288690 
1.313470 -0.480949 -0.288690 
1.272272 -0.462639 -0.288690 
1.240229 -0.471794 -0.284112 
1.212763 -0.471794 -0.284112 
1.185297 -0.471794 -0.288690 
1.153254 -0.476371 -0.288690 
1.107478 -0.471794 -0.288690 
1.084590 -0.480949 -0.297845 
1.047969 -0.485527 -0.293267 
1.011349 -0.490104 -0.293267 
0.979305 -0.490104 -0.297845 
0.951840 -0.499259 -0.293267 
0.924374 -0.490104 -0.297845 
0.887753 -0.494682 -0.288690 
0.855710 -0.494682 -0.297845 
0.823667 -0.494682 -0.279535 
0.796201 -0.485527 -0.302423 
0.764158 -0.485527 -0.284112 
0.732115 -0.480949 -0.293267 
0.695494 -0.485527 -0.297845 
0.663451 -0.485527 -0.302423 
0.635985 -0.490104 -0.288690 
0.599365 -0.485527 -0.288690 
0.567321 -0.490104 -0.302423 
0.539856 -0.485527 -0.297845 
0.503235 -0.490104 -0.288690 
0.475769 -0.494682 -0.288690 
0.434571 -0.480949 -0.288690 
0.411683 -0.490104 -0.297845 
0.365907 -0.480949 -0.288690 
0.338441 -0.480949 -0.293267 
0.306398 -0.476371 -0.288690 
0.274355 -0.474083 -0.290979 
0.242312 -0.471794 -0.293267 
0.205691 -0.467216 -0.293267 
0.173648 -0.462639 -0.288690 
0.141605 -0.471794 -0.297845 
0.104984 -0.462639 -0.311578 
0.082096 -0.448906 -0.297845 
0.050053 -0.458061 -0.302423 
0.013432 -0.462639 -0.307000 
-0.018611 -0.462639 -0.302423 
-0.055232 -0.471794 -0.307000 
-0.091853 -0.471794 -0.297845 
-0.114741 -0.480949 -0.320733 
-0.146784 -0.480949 -0.302423 
-0.183405 -0.485527 -0.297845 
-0.215448 -0.480949 -0.302423 
-0.247491 -0.485527 -0.288690 
-0.274957 -0.499259 -0.288690 
-0.307000 -0.480949 -0.293267 
-0.343621 -0.476371 -0.293267 
-0.384819 -0.476371 -0.279535 
-0.412285 -0.471794 -0.288690 
-0.439751 -0.467216 -0.297845 
-0.476371 -0.467216 -0.288690 
-0.503837 -0.453483 -0.288690 
-0.535880 -0.448906 -0.307000 
-0.563346 -0.444328 -0.293267 
-0.599967 -0.444328 -0.288690 
-0.627432 -0.439751 -0.307000 
-0.654898 -0.439751 -0.316155 
-0.700674 -0.444328 -0.302423 
-0.723562 -0.453483 -0.307000 
-0.755605 -0.453483 -0.293267 
-0.783071 -0.462639 -0.307000 
-0.824269 -0.462639 -0.293267 
-0.860890 -0.458061 -0.297845 
-0.888355 -0.462639 -0.302423 
-0.920399 -0.467216 -0.293267 
-0.952442 -0.476371 -0.297845 
-0.979907 -0.462639 -0.297845 
-1.011951 -0.467216 -0.288690 
-1.053149 -0.471794 -0.293267 
-1.076037 -0.467216 -0.284112 
-1.117235 -0.467216 -0.302423 
-1.149279 -0.462639 -0.293267 
-1.181322 -0.462639 -0.288690 
-1.213365 -0.458061 -0.293267 
-1.249986 -0.458061 -0.293267 
-1.277451 -0.453483 -0.307000 
-1.314072 -0.448906 -0.307000 
-1.332383 -0.453483 -0.293267 
-1.378159 -0.458061 -0.297845 
-1.410202 -0.448906 -0.307000 
-1.433090 -0.444328 -0.311578 
-1.469711 -0.448906 -0.297845 
-1.506331 -0.453483 -0.297845 
-1.542952 -0.448906 -0.302423 
-1.570418 -0.444328 -0.302423 
-1.602461 -0.453483 -0.302423 
-1.639082 -0.444328 -0.297845 
-1.675703 -0.444328 -0.311578 
-1.703168 -0.448906 -0.297845 
-1.735211 -0.444328 -0.302423 
-1.762677 -0.444328 -0.302423 
-1.785565 -0.448906 -0.302423 
-1.822186 -0.453483 -0.297845 
-1.849651 -0.448906 -0.316155 
-1.886272 -0.448906 -0.307000 
-1.904583 -0.453483 -0.311578 
-1.932048 -0.462639 -0.311578 
-1.950359 -0.458061 -0.293267 
-1.986979 -0.467216 -0.302423 
-2.009867 -0.471794 -0.297845 
-2.032755 -0.471794 -0.293267 
-2.060221 -0.467216 -0.293267 
-2.087687 -0.467216 -0.307000 
-2.119730 -0.467216 -0.302423 
-2.138040 -0.453483 -0.311578 
-2.170083 -0.448906 -0.316155 
-2.192971 -0.448906 -0.316155 
-2.215859 -0.439751 -0.320733 
-2.234170 -0.439751 -0.320733 
-2.252480 -0.439751 -0.325311 
-2.266213 -0.426018 -0.329888 
-2.298256 -0.435173 -0.325311 
-2.325722 -0.421440 -0.325311 
-2.339455 -0.430595 -0.320733 
-2.371498 -0.430595 -0.311578 
-2.385231 -0.430595 -0.320733 
-2.408119 -0.439751 -0.307000 
-2.431007 -0.448906 -0.311578 
-2.453895 -0.448906 -0.302423 
-2.467627 -0.458061 -0.297845 
-2.495093 -0.453483 -0.302423 
-2.517981 -0.453483 -0.302423 
-2.527136 -0.462639 -0.297845 
-2.554602 -0.471794 -0.302423 
-2.568335 -0.462639 -0.311578 
-2.577490 -0.462639 -0.307000 
-2.600378 -0.448906 -0.320733 
-2.609533 -0.444328 -0.307000 
-2.618688 -0.448906 -0.316155 
-2.636999 -0.439751 -0.316155 
-2.646154 -0.435173 -0.320733 
-2.650731 -0.435173 -0.307000 
-2.669042 -0.426018 -0.307000 
-2.669042 -0.430595 -0.307000 
-2.678197 -0.435173 -0.297845 
-2.691930 -0.430595 -0.307000 
-2.696507 -0.435173 -0.297845 
-2.696507 -0.439751 -0.288690 
-2.710240 -0.430595 -0.302423 
-2.719395 -0.439751 -0.307000 
-2.714818 -0.439751 -0.311578 
-2.723973 -0.430595 -0.311578 
-2.714818 -0.439751 -0.311578 
-2.719395 -0.444328 -0.311578 
-2.728551 -0.439751 -0.320733 
-2.723973 -0.444328 -0.316155 
-2.733128 -0.448906 -0.329888 
-2.737706 -0.448906 -0.316155 
-2.723973 -0.453483 -0.307000 
-2.742283 -0.453483 -0.307000 
-2.742283 -0.448906 -0.307000 
-2.728551 -0.458061 -0.307000 
-2.737706 -0.448906 -0.307000 
-2.742283 -0.448906 -0.302423 
-2.733128 -0.462639 -0.302423 
-2.737706 -0.444328 -0.307000 
-2.728551 -0.448906 -0.297845 
-2.728551 -0.453483 -0.297845 
-2.733128 -0.439751 -0.302423 
-2.733128 -0.439751 -0.311578 
-2.723973 -0.444328 -0.320733 
-2.728551 -0.435173 -0.311578 
-2.728551 -0.430595 -0.316155 
-2.719395 -0.435173 -0.320733 
-2.723973 -0.430595 -0.329888 
-2.723973 -0.435173 -0.316155 
-2.723973 -0.435173 -0.320733 
-2.719395 -0.439751 -0.325311 
-2.710240 -0.448906 -0.307000 
-2.710240 -0.453483 -0.316155 
-2.710240 -0.444328 -0.311578 
-2.701085 -0.448906 -0.316155 
-2.701085 -0.458061 -0.297845 
-2.705663 -0.458061 -0.307000 
-2.705663 -0.458061 -0.297845 
-2.705663 -0.458061 -0.288690 
-2.705663 -0.458061 -0.297845 
-2.705663 -0.458061 -0.293267 
-2.701085 -0.453483 -0.297845 
-2.705663 -0.448906 -0.307000 
-2.701085 -0.439751 -0.307000 
-2.696507 -0.444328 -0.311578 
-2.701085 -0.435173 -0.311578 
-2.696507 -0.435173 -0.307000 
-2.691930 -0.435173 -0.311578 
-2.691930 -0.430595 -0.311578 
-2.691930 -0.439751 -0.316155 
-2.687352 -0.435173 -0.320733 
-2.691930 -0.439751 -0.320733 
-2.673619 -0.444328 -0.311578 
-2.687352 -0.444328 -0.316155 
-2.687352 -0.444328 -0.320733 
-2.682775 -0.439751 -0.316155 
-2.678197 -0.439751 -0.325311 
-2.682775 -0.448906 -0.311578 
-2.678197 -0.439751 -0.316155 
-2.678197 -0.444328 -0.320733 
-2.673619 -0.435173 -0.311578 
-2.678197 -0.435173 -0.311578 
-2.678197 -0.430595 -0.307000 
-2.678197 -0.444328 -0.311578 
-2.678197 -0.435173 -0.311578 
-2.678197 -0.439751 -0.307000 
-2.673619 -0.439751 -0.316155 
-2.673619 -0.439751 -0.311578 
-2.664464 -0.439751 -0.316155 
-2.669042 -0.448906 -0.307000 
-2.673619 -0.448906 -0.302423 
-2.664464 -0.453483 -0.297845 
-2.655309 -0.458061 -0.302423 
-2.655309 -0.458061 -0.297845 
-2.664464 -0.453483 -0.325311 
-2.655309 -0.453483 -0.316155 
-2.659887 -0.453483 -0.316155 
-2.659887 -0.453483 -0.316155 
-2.655309 -0.444328 -0.329888 
-2.659887 -0.448906 -0.320733 
-2.659887 -0.439751 -0.316155 
-2.650731 -0.426018 -0.320733 
-2.650731 -0.430595 -0.311578 
-2.655309 -0.421440 -0.316155 
-2.650731 -0.421440 -0.311578 
-2.650731 -0.412285 -0.307000 
-2.646154 -0.421440 -0.297845 
-2.646154 -0.426018 -0.311578 
-2.641576 -0.435173 -0.302423 
-2.636999 -0.444328 -0.297845 
-2.641576 -0.448906 -0.293267 
-2.646154 -0.458061 -0.297845 
-2.641576 -0.458061 -0.297845 
-2.636999 -0.467216 -0.302423 
-2.641576 -0.462639 -0.307000 
-2.636999 -0.462639 -0.307000 
-2.641576 -0.462639 -0.316155 
-2.636999 -0.458061 -0.329888 
-2.636999 -0.453483 -0.329888 
-2.641576 -0.448906 -0.325311 
-2.636999 -0.439751 -0.334466 
-2.641576 -0.439751 -0.320733 
-2.641576 -0.430595 -0.325311 
-2.627843 -0.430595 -0.316155 
-2.641576 -0.421440 -0.316155 
-2.641576 -0.421440 -0.302423 
-2.636999 -0.426018 -0.307000 
-2.627843 -0.426018 -0.297845 
-2.636999 -0.426018 -0.297845 
-2.632421 -0.430595 -0.302423 
-2.627843 -0.435173 -0.284112 
-2.627843 -0.448906 -0.302423 
-2.623266 -0.444328 -0.297845 
-2.627843 -0.448906 -0.307000 
-2.627843 -0.453483 -0.307000 
-2.632421 -0.458061 -0.325311 
-2.623266 -0.453483 -0.307000 
-2.623266 -0.462639 -0.329888 
-2.623266 -0.453483 -0.325311 
-2.627843 -0.453483 -0.320733 
-2.632421 -0.453483 -0.329888 
-2.627843 -0.458061 -0.329888 
-2.627843 -0.448906 -0.311578 
-2.623266 -0.448906 -0.316155 
-2.632421 -0.448906 -0.307000 
-2.627843 -0.439751 -0.293267 
-2.623266 -0.435173 -0.307000 
-2.618688 -0.439751 -0.302423 
-2.627843 -0.439751 -0.293267 
-2.623266 -0.430595 -0.293267 
-2.618688 -0.435173 -0.302423 
-2.614111 -0.435173 -0.307000 
-2.623266 -0.435173 -0.311578 
-2.623266 -0.430595 -0.307000 
-2.623266 -0.435173 -0.325311 
-2.623266 -0.435173 -0.316155 
-2.614111 -0.435173 -0.320733 
-2.618688 -0.444328 -0.325311 
-2.618688 -0.430595 -0.325311 
-2.614111 -0.439751 -0.334466 
-2.623266 -0.444328 -0.325311 
-2.618688 -0.453483 -0.320733 
-2.618688 -0.453483 -0.307000 
-2.618688 -0.453483 -0.302423 
-2.614111 -0.453483 -0.297845 
-2.609533 -0.453483 -0.293267 
-2.609533 -0.458061 -0.293267 
-2.618688 -0.458061 -0.288690 
-2.609533 -0.448906 -0.293267 
-2.618688 -0.444328 -0.288690 
-2.614111 -0.444328 -0.297845 
-2.609533 -0.430595 -0.293267 
-2.614111 -0.435173 -0.302423 
-2.614111 -0.439751 -0.311578 
-2.614111 -0.430595 -0.320733 
-2.623266 -0.430595 -0.325311 
-2.623266 -0.430595 -0.334466 
-2.609533 -0.435173 -0.329888 
-2.614111 -0.435173 -0.320733 
-2.614111 -0.444328 -0.320733 
-2.614111 -0.439751 -0.316155 
-2.604955 -0.444328 -0.311578 
-2.604955 -0.453483 -0.307000 
-2.595800 -0.448906 -0.302423 
-2.604955 -0.439751 -0.288690 
-2.604955 -0.444328 -0.297845 
-2.604955 -0.444328 -0.288690 
-2.600378 -0.444328 -0.293267 
-2.604955 -0.439751 -0.297845 
-2.600378 -0.444328 -0.288690 
-2.600378 -0.439751 -0.302423 
-2.609533 -0.435173 -0.297845 
-2.604955 -0.439751 -0.316155 
-2.595800 -0.444328 -0.316155 
-2.604955 -0.448906 -0.320733 
-2.604955 -0.435173 -0.320733 
-2.604955 -0.444328 -0.329888 
-2.604955 -0.444328 -0.334466 
-2.604955 -0.448906 -0.339043 
-2.604955 -0.444328 -0.334466 
-2.600378 -0.444328 -0.325311 
-2.600378 -0.448906 -0.316155 
-2.600378 -0.439751 -0.311578 
-2.600378 -0.444328 -0.311578 
-2.595800 -0.435173 -0.311578 
-2.600378 -0.435173 -0.307000 
-2.600378 -0.435173 -0.302423 
-2.600378 -0.430595 -0.302423 
-2.604955 -0.430595 -0.302423 
-2.600378 -0.439751 -0.297845 
-2.595800 -0.435173 -0.293267 
-2.591223 -0.439751 -0.302423 
-2.600378 -0.444328 -0.302423 
-2.591223 -0.444328 -0.302423 
-2.586645 -0.458061 -0.307000 
-2.600378 -0.458061 -0.316155 
-2.595800 -0.467216 -0.311578 
-2.595800 -0.467216 -0.325311 
-2.600378 -0.467216 -0.316155 
-2.591223 -0.467216 -0.316155 
-2.600378 -0.462639 -0.316155 
-2.600378 -0.467216 -0.320733 
-2.586645 -0.448906 -0.320733 
-2.577490 -0.458061 -0.311578 
-2.568335 -0.439751 -0.311578 
-2.559179 -0.439751 -0.316155 
-2.540869 -0.435173 -0.307000 
-2.522559 -0.426018 -0.307000 
-2.495093 -0.421440 -0.311578 
-2.472205 -0.421440 -0.316155 
-2.444739 -0.421440 -0.302423 
-2.426429 -0.426018 -0.302423 
-2.394386 -0.426018 -0.307000 
-2.371498 -0.435173 -0.311578 
-2.339455 -0.439751 -0.311578 
-2.311989 -0.444328 -0.316155 
-2.293679 -0.462639 -0.316155 
-2.252480 -0.462639 -0.316155 
-2.225015 -0.467216 -0.316155 
-2.197549 -0.471794 -0.320733 
-2.160928 -0.471794 -0.320733 
-2.133463 -0.471794 -0.316155 
-2.096842 -0.467216 -0.307000 
-2.064799 -0.462639 -0.302423 
-2.028178 -0.458061 -0.302423 
-1.986979 -0.448906 -0.302423 
-1.957225 -0.448906 -0.293267 
-1.927471 -0.448906 -0.284112 
-1.900005 -0.448906 -0.293267 
-1.854229 -0.439751 -0.293267 
-1.835919 -0.435173 -0.288690 
-1.799298 -0.444328 -0.288690 
-1.762677 -0.439751 -0.297845 
-1.726056 -0.435173 -0.302423 
-1.703168 -0.444328 -0.293267 
-1.666547 -0.444328 -0.307000 
-1.620771 -0.453483 -0.316155 
-1.593306 -0.448906 -0.316155 
-1.556685 -0.453483 -0.316155 
-1.529219 -0.448906 -0.325311 
-1.501754 -0.462639 -0.320733 
-1.465133 -0.453483 -0.320733 
-1.419357 -0.453483 -0.307000 
-1.387314 -0.458061 -0.311578 
-1.359848 -0.453483 -0.297845 
-1.318650 -0.458061 -0.307000 
-1.286607 -0.453483 -0.288690 
-1.259141 -0.462639 -0.279535 
-1.217943 -0.462639 -0.279535 
-1.172167 -0.471794 -0.279535 
-1.149279 -0.471794 -0.279535 
-1.112658 -0.476371 -0.265802 
-1.089770 -0.476371 -0.279535 
-1.053149 -0.467216 -0.284112 
-1.030261 -0.471794 -0.274957 
-0.989063 -0.462639 -0.302423 
-0.966175 -0.467216 -0.311578 
-0.934131 -0.467216 -0.297845 
-0.902088 -0.458061 -0.316155 
-0.879200 -0.453483 -0.316155 
-0.842579 -0.448906 -0.311578 
-0.815114 -0.444328 -0.316155 
-0.787648 -0.444328 -0.307000 
-0.741872 -0.439751 -0.316155 
-0.709829 -0.444328 -0.302423 
-0.682363 -0.444328 -0.307000 
-0.645743 -0.458061 -0.293267 
-0.613699 -0.458061 -0.297845 
-0.581656 -0.462639 -0.293267 
-0.554191 -0.467216 -0.293267 
-0.512992 -0.476371 -0.284112 
-0.480949 -0.476371 -0.288690 
-0.448906 -0.485527 -0.288690 
-0.421440 -0.480949 -0.284112 
-0.384819 -0.490104 -0.293267 
-0.357354 -0.480949 -0.307000 
-0.329888 -0.476371 -0.302423 
-0.293267 -0.480949 -0.311578 
-0.270379 -0.476371 -0.307000 
-0.224603 -0.476371 -0.307000 
-0.197138 -0.467216 -0.311578 
-0.160517 -0.467216 -0.311578 
-0.128474 -0.467216 -0.302423 
-0.096431 -0.453483 -0.297845 
-0.068965 -0.458061 -0.293267 
-0.027767 -0.453483 -0.279535 
-0.004879 -0.448906 -0.284112 
0.031742 -0.448906 -0.284112 
0.059208 -0.458061 -0.279535 
0.091251 -0.467216 -0.284112 
0.127872 -0.467216 -0.288690 
0.155337 -0.467216 -0.302423 
0.191958 -0.476371 -0.307000 
0.219424 -0.467216 -0.302423 
0.251467 -0.471794 -0.307000 
0.283510 -0.485527 -0.316155 
0.310976 -0.490104 -0.320733 
0.347597 -0.490104 -0.316155 
0.379640 -0.490104 -0.316155 
0.402528 -0.490104 -0.316155 
0.443726 -0.499259 -0.307000 
0.480347 -0.494682 -0.307000 
0.507813 -0.499259 -0.307000 
0.544433 -0.503837 -0.288690 
0.576477 -0.494682 -0.274957 
0.608520 -0.490104 -0.265802 
0.640563 -0.480949 -0.256647 
0.672606 -0.480949 -0.261224 
0.695494 -0.480949 -0.252069 
0.736693 -0.471794 -0.256647 
0.764158 -0.458061 -0.265802 
0.800779 -0.467216 -0.270379 
0.832822 -0.467216 -0.274957 
0.864865 -0.462639 -0.279535 
0.901486 -0.458061 -0.288690 
0.928952 -0.462639 -0.293267 
0.956417 -0.467216 -0.307000 
0.988461 -0.480949 -0.307000 
1.025081 -0.480949 -0.316155 
1.057125 -0.485527 -0.307000 
1.089168 -0.490104 -0.311578 
1.125789 -0.490104 -0.302423 
1.157832 -0.499259 -0.297845 
1.194453 -0.494682 -0.297845 
1.226496 -0.499259 -0.288690 
1.263117 -0.508415 -0.274957 
1.290582 -0.499259 -0.265802 
1.327203 -0.494682 -0.261224 
1.363824 -0.490104 -0.270379 
1.386712 -0.490104 -0.252069 
1.427910 -0.490104 -0.261224 
1.455376 -0.480949 -0.270379 
1.487419 -0.480949 -0.284112 
1.519462 -0.480949 -0.281823 
1.551505 -0.480949 -0.279535 
1.583549 -0.480949 -0.288690 
1.606437 -0.476371 -0.293267 
1.624747 -0.485527 -0.297845 
1.647635 -0.485527 -0.293267 
1.670523 -0.490104 -0.297845 
1.688833 -0.485527 -0.284112 
1.707144 -0.485527 -0.293267 
1.720877 -0.494682 -0.279535 
1.725454 -0.494682 -0.274957 
1.743765 -0.494682 -0.274957 
1.752920 -0.485527 -0.270379 
1.757497 -0.494682 -0.274957 
