channel names:
08/05/2011 03:01:14 PM - Voltage - cDAQ1Mod2_ai0
start times:
8/05/2011 15:01:15.200510
dt:
0.001000
data:
6.790339E-1
9.774808E-1
9.054419E-1
4.886454E-1
-1.236853E-1
-6.897053E-1
-1.003589E+0
-9.212589E-1
-4.838798E-1
1.233052E-1
6.841795E-1
9.774808E-1
9.105875E-1
4.834997E-1
-1.339766E-1
-6.794140E-1
-9.675696E-1
-9.006764E-1
-4.787342E-1
1.233052E-1
6.893252E-1
9.774808E-1
9.002962E-1
4.834997E-1
-1.339766E-1
-6.999966E-1
-9.984434E-1
-9.109676E-1
-4.838798E-1
1.233052E-1
6.841795E-1
9.826264E-1
9.054419E-1
4.783541E-1
-1.082484E-1
-6.691227E-1
-9.778609E-1
-9.006764E-1
-4.890255E-1
1.233052E-1
6.841795E-1
9.826264E-1
9.105875E-1
4.783541E-1
-1.391222E-1
-6.897053E-1
-9.932978E-1
-9.058220E-1
-4.787342E-1
1.233052E-1
6.790339E-1
9.826264E-1
9.105875E-1
4.937910E-1
-1.133941E-1
-6.845597E-1
-9.778609E-1
-9.109676E-1
-4.787342E-1
1.284508E-1
6.790339E-1
9.774808E-1
8.951506E-1
4.577715E-1
-1.391222E-1
-6.845597E-1
-9.830065E-1
-9.109676E-1
-4.838798E-1
1.284508E-1
6.790339E-1
9.774808E-1
9.105875E-1
4.937910E-1
-1.236853E-1
-6.742684E-1
-9.881522E-1
-9.006764E-1
-4.838798E-1
1.233052E-1
6.790339E-1
9.826264E-1
9.002962E-1
4.783541E-1
-1.288310E-1
-6.845597E-1
-9.830065E-1
-9.109676E-1
-4.838798E-1
1.284508E-1
6.841795E-1
9.877721E-1
9.208788E-1
4.834997E-1
-1.288310E-1
-6.845597E-1
-9.830065E-1
-9.109676E-1
-4.787342E-1
1.284508E-1
6.841795E-1
9.671895E-1
8.951506E-1
4.732085E-1
-1.236853E-1
-6.845597E-1
-9.932978E-1
-8.955307E-1
-4.787342E-1
1.284508E-1
6.738883E-1
9.929177E-1
9.208788E-1
4.834997E-1
-1.236853E-1
-6.794140E-1
-9.830065E-1
-9.058220E-1
-4.787342E-1
1.181596E-1
6.584513E-1
9.620439E-1
9.002962E-1
4.783541E-1
-1.339766E-1
-6.845597E-1
-9.881522E-1
-9.109676E-1
-4.838798E-1
1.284508E-1
6.996164E-1
9.929177E-1
9.054419E-1
4.834997E-1
-1.236853E-1
-6.948509E-1
-9.830065E-1
-9.058220E-1
-4.890255E-1
1.181596E-1
6.635970E-1
9.774808E-1
9.002962E-1
4.732085E-1
-1.288310E-1
-6.845597E-1
-9.881522E-1
-9.058220E-1
-4.787342E-1
1.284508E-1
6.944708E-1
9.980633E-1
9.054419E-1
4.783541E-1
-1.236853E-1
-6.845597E-1
-9.881522E-1
-9.006764E-1
-4.787342E-1
1.130139E-1
6.635970E-1
9.774808E-1
9.002962E-1
4.886454E-1
-1.236853E-1
-6.794140E-1
-9.881522E-1
-9.109676E-1
-4.787342E-1
1.335965E-1
7.047621E-1
9.877721E-1
9.054419E-1
4.834997E-1
-1.236853E-1
-6.897053E-1
-9.830065E-1
-9.109676E-1
-4.838798E-1
1.078683E-1
6.738883E-1
9.774808E-1
9.054419E-1
4.783541E-1
-1.339766E-1
-6.897053E-1
-9.830065E-1
-9.006764E-1
-4.632973E-1
1.335965E-1
6.841795E-1
9.877721E-1
9.002962E-1
4.732085E-1
-1.288310E-1
-6.845597E-1
-9.778609E-1
-9.058220E-1
-4.941711E-1
1.130139E-1
6.790339E-1
9.826264E-1
9.054419E-1
4.783541E-1
-1.236853E-1
-6.845597E-1
-9.830065E-1
-9.006764E-1
-4.684429E-1
1.335965E-1
6.841795E-1
9.826264E-1
9.105875E-1
4.783541E-1
-1.236853E-1
-6.794140E-1
-9.932978E-1
-9.161133E-1
-4.941711E-1
1.233052E-1
6.841795E-1
9.774808E-1
9.002962E-1
4.834997E-1
-1.339766E-1
-6.845597E-1
-9.830065E-1
-8.903851E-1
-4.684429E-1
1.335965E-1
6.841795E-1
9.877721E-1
9.002962E-1
4.783541E-1
-1.236853E-1
-6.794140E-1
-9.881522E-1
-9.264045E-1
-4.941711E-1
1.233052E-1
6.738883E-1
9.826264E-1
9.054419E-1
4.834997E-1
-1.236853E-1
-6.845597E-1
-9.778609E-1
-8.852395E-1
-4.735886E-1
1.284508E-1
6.790339E-1
9.826264E-1
9.054419E-1
4.783541E-1
-1.288310E-1
-6.845597E-1
-1.008735E+0
-9.212589E-1
-4.838798E-1
1.181596E-1
6.841795E-1
9.774808E-1
9.054419E-1
4.834997E-1
-1.288310E-1
-6.742684E-1
-9.727153E-1
-8.955307E-1
-4.787342E-1
1.233052E-1
6.841795E-1
9.877721E-1
8.951506E-1
4.834997E-1
-1.236853E-1
-6.948509E-1
-9.984434E-1
-9.109676E-1
-4.838798E-1
1.284508E-1
6.738883E-1
9.826264E-1
9.054419E-1
4.783541E-1
-1.133941E-1
-6.691227E-1
-9.778609E-1
-9.058220E-1
-4.838798E-1
1.335965E-1
6.790339E-1
9.826264E-1
9.054419E-1
4.834997E-1
-1.494135E-1
-6.948509E-1
-9.881522E-1
-9.109676E-1
-4.838798E-1
1.284508E-1
6.841795E-1
9.826264E-1
9.105875E-1
4.886454E-1
-1.133941E-1
-6.742684E-1
-9.778609E-1
-9.058220E-1
-4.838798E-1
1.233052E-1
6.790339E-1
9.774808E-1
9.002962E-1
4.732085E-1
-1.442679E-1
-6.897053E-1
-9.830065E-1
-9.109676E-1
-4.787342E-1
1.284508E-1
6.790339E-1
9.774808E-1
9.105875E-1
4.989366E-1
-1.082484E-1
-6.845597E-1
-9.830065E-1
-9.006764E-1
-4.838798E-1
1.284508E-1
6.841795E-1
9.774808E-1
8.951506E-1
4.732085E-1
-1.339766E-1
-6.897053E-1
-9.881522E-1
-9.109676E-1
-4.838798E-1
1.284508E-1
6.841795E-1
9.826264E-1
9.157331E-1
4.937910E-1
-1.236853E-1
-6.794140E-1
-9.881522E-1
-9.109676E-1
-4.838798E-1
1.284508E-1
6.841795E-1
9.774808E-1
8.848593E-1
4.783541E-1
-1.288310E-1
-6.845597E-1
-9.778609E-1
-9.058220E-1
-4.787342E-1
1.284508E-1
6.841795E-1
9.774808E-1
9.157331E-1
4.886454E-1
-1.185397E-1
-6.845597E-1
-9.830065E-1
-9.109676E-1
-4.838798E-1
1.284508E-1
6.790339E-1
9.620439E-1
9.002962E-1
4.783541E-1
-1.236853E-1
-6.897053E-1
-9.778609E-1
-9.109676E-1
-4.890255E-1
1.233052E-1
6.996164E-1
9.980633E-1
9.105875E-1
4.834997E-1
-1.236853E-1
-6.897053E-1
-9.881522E-1
-9.006764E-1
-4.838798E-1
1.284508E-1
6.738883E-1
9.671895E-1
9.002962E-1
4.783541E-1
-1.236853E-1
-6.845597E-1
-9.830065E-1
-9.058220E-1
-4.838798E-1
1.284508E-1
6.944708E-1
9.877721E-1
9.054419E-1
4.732085E-1
-1.236853E-1
-6.794140E-1
-9.830065E-1
-9.006764E-1
-4.838798E-1
1.130139E-1
6.687426E-1
9.671895E-1
9.054419E-1
4.834997E-1
-1.288310E-1
-6.845597E-1
-9.881522E-1
-9.109676E-1
-4.735886E-1
1.387421E-1
6.944708E-1
9.826264E-1
9.054419E-1
4.783541E-1
-1.236853E-1
-6.897053E-1
-9.881522E-1
-9.058220E-1
-4.941711E-1
1.130139E-1
6.738883E-1
9.774808E-1
9.054419E-1
4.783541E-1
-1.339766E-1
-6.845597E-1
-9.830065E-1
-8.955307E-1
-4.684429E-1
1.335965E-1
6.893252E-1
9.826264E-1
9.054419E-1
4.834997E-1
-1.288310E-1
-6.845597E-1
-9.881522E-1
-9.212589E-1
-4.941711E-1
1.181596E-1
6.841795E-1
9.826264E-1
9.054419E-1
4.834997E-1
-1.236853E-1
-6.897053E-1
-9.675696E-1
-8.955307E-1
-4.838798E-1
1.335965E-1
6.790339E-1
9.774808E-1
9.105875E-1
4.783541E-1
-1.288310E-1
-6.897053E-1
-9.984434E-1
-9.109676E-1
-4.890255E-1
1.284508E-1
6.841795E-1
9.774808E-1
9.054419E-1
4.783541E-1
-1.236853E-1
-6.639771E-1
-9.778609E-1
-9.109676E-1
-4.787342E-1
1.233052E-1
6.738883E-1
9.774808E-1
9.002962E-1
4.834997E-1
-1.442679E-1
-6.948509E-1
-9.830065E-1
-9.109676E-1
-4.787342E-1
1.284508E-1
6.790339E-1
9.826264E-1
9.002962E-1
4.886454E-1
-1.082484E-1
-6.742684E-1
-9.727153E-1
-9.109676E-1
-4.890255E-1
1.233052E-1
6.841795E-1
9.826264E-1
9.054419E-1
4.629172E-1
-1.391222E-1
-6.897053E-1
-9.881522E-1
-9.058220E-1
-4.787342E-1
1.284508E-1
6.893252E-1
9.774808E-1
9.157331E-1
4.989366E-1
-1.236853E-1
-6.845597E-1
-9.778609E-1
-9.058220E-1
-4.787342E-1
1.284508E-1
6.790339E-1
9.774808E-1
8.848593E-1
4.783541E-1
-1.288310E-1
-6.845597E-1
-9.830065E-1
-9.006764E-1
-4.838798E-1
1.284508E-1
6.944708E-1
9.980633E-1
9.105875E-1
4.834997E-1
-1.236853E-1
-6.845597E-1
-9.830065E-1
-9.058220E-1
-4.838798E-1
1.181596E-1
6.687426E-1
9.723351E-1
9.054419E-1
4.834997E-1
-1.236853E-1
-6.845597E-1
-9.830065E-1
-9.006764E-1
-4.838798E-1
1.387421E-1
6.944708E-1
9.877721E-1
9.054419E-1
4.834997E-1
-1.288310E-1
-6.794140E-1
-9.830065E-1
-9.058220E-1
-4.838798E-1
1.130139E-1
6.687426E-1
9.723351E-1
9.002962E-1
4.834997E-1
-1.236853E-1
-6.845597E-1
-9.830065E-1
-9.006764E-1
-4.735886E-1
1.335965E-1
6.893252E-1
9.774808E-1
9.105875E-1
4.834997E-1
-1.288310E-1
-6.845597E-1
-9.830065E-1
-9.161133E-1
-5.044624E-1
1.181596E-1
6.841795E-1
9.826264E-1
9.054419E-1
4.834997E-1
-1.288310E-1
-6.794140E-1
-9.778609E-1
-8.955307E-1
-4.684429E-1
1.284508E-1
6.790339E-1
9.826264E-1
9.105875E-1
4.834997E-1
-1.339766E-1
-6.845597E-1
-9.984434E-1
-9.161133E-1
-4.941711E-1
1.233052E-1
6.790339E-1
9.774808E-1
9.054419E-1
4.834997E-1
-1.288310E-1
-6.845597E-1
-9.675696E-1
-8.955307E-1
-4.735886E-1
1.284508E-1
6.841795E-1
9.723351E-1
9.054419E-1
4.783541E-1
-1.288310E-1
-6.845597E-1
-9.984434E-1
-9.212589E-1
-4.890255E-1
1.233052E-1
6.841795E-1
9.774808E-1
9.054419E-1
4.783541E-1
-1.288310E-1
-6.845597E-1
-9.675696E-1
-9.006764E-1
-4.787342E-1
1.233052E-1
6.893252E-1
9.774808E-1
9.002962E-1
4.834997E-1
-1.236853E-1
-6.948509E-1
-9.932978E-1
-9.109676E-1
-4.787342E-1
1.233052E-1
6.790339E-1
9.826264E-1
9.054419E-1
4.834997E-1
-1.236853E-1
-6.691227E-1
-9.727153E-1
-9.006764E-1
-4.838798E-1
1.233052E-1
6.790339E-1
9.774808E-1
9.054419E-1
4.783541E-1
-1.391222E-1
-6.999966E-1
-9.932978E-1
-9.109676E-1
-4.787342E-1
1.284508E-1
6.841795E-1
9.826264E-1
9.054419E-1
4.937910E-1
-1.133941E-1
-6.845597E-1
-9.830065E-1
-9.058220E-1
-4.838798E-1
1.233052E-1
6.790339E-1
9.723351E-1
9.002962E-1
4.680628E-1
-1.339766E-1
-6.897053E-1
-9.830065E-1
-9.058220E-1
-4.787342E-1
1.284508E-1
6.790339E-1
9.826264E-1
9.208788E-1
4.886454E-1
-1.288310E-1
-6.845597E-1
-9.830065E-1
-9.058220E-1
-4.787342E-1
1.284508E-1
6.790339E-1
9.826264E-1
8.900050E-1
4.732085E-1
-1.288310E-1
-6.897053E-1
-9.830065E-1
-8.955307E-1
-4.838798E-1
1.284508E-1
6.841795E-1
9.929177E-1
9.208788E-1
4.783541E-1
-1.236853E-1
-6.845597E-1
-9.830065E-1
-9.058220E-1
-4.787342E-1
1.284508E-1
6.687426E-1
9.671895E-1
9.002962E-1
4.834997E-1
-1.236853E-1
-6.897053E-1
-9.932978E-1
-9.058220E-1
-4.787342E-1
1.387421E-1
6.944708E-1
9.826264E-1
9.054419E-1
4.886454E-1
-1.236853E-1
-6.845597E-1
-9.830065E-1
-9.058220E-1
-4.941711E-1
1.130139E-1
6.790339E-1
9.877721E-1
9.002962E-1
4.783541E-1
-1.236853E-1
-6.897053E-1
-9.778609E-1
-8.955307E-1
-4.581517E-1
1.335965E-1
6.841795E-1
9.774808E-1
9.054419E-1
4.783541E-1
-1.236853E-1
-6.845597E-1
-9.830065E-1
-9.212589E-1
-4.941711E-1
1.181596E-1
6.790339E-1
9.826264E-1
9.002962E-1
4.783541E-1
-1.236853E-1
-6.794140E-1
-9.881522E-1
-8.903851E-1
-4.684429E-1
1.233052E-1
6.893252E-1
9.826264E-1
9.105875E-1
4.834997E-1
-1.339766E-1
-6.742684E-1
-9.881522E-1
-9.212589E-1
-4.941711E-1
1.181596E-1
6.790339E-1
9.826264E-1
9.002962E-1
4.834997E-1
-1.288310E-1
-6.845597E-1
-9.778609E-1
-8.903851E-1
-4.735886E-1
1.233052E-1
6.790339E-1
9.826264E-1
9.054419E-1
4.834997E-1
-1.288310E-1
-6.845597E-1
-9.984434E-1
-9.212589E-1
-4.890255E-1
1.233052E-1
6.790339E-1
9.826264E-1
8.951506E-1
4.783541E-1
-1.236853E-1
-6.794140E-1
-9.727153E-1
-8.955307E-1
-4.787342E-1
1.284508E-1
6.790339E-1
9.774808E-1
9.054419E-1
4.834997E-1
-1.236853E-1
-7.051422E-1
-9.984434E-1
-9.058220E-1
-4.838798E-1
1.181596E-1
6.841795E-1
9.826264E-1
9.105875E-1
4.783541E-1
-1.185397E-1
-6.691227E-1
-9.778609E-1
-9.006764E-1
-4.787342E-1
1.233052E-1
6.738883E-1
9.774808E-1
9.054419E-1
4.783541E-1
-1.339766E-1
-6.999966E-1
-9.881522E-1
-9.006764E-1
-4.890255E-1
1.233052E-1
6.841795E-1
9.774808E-1
9.002962E-1
4.783541E-1
-1.082484E-1
-6.742684E-1
-9.778609E-1
-9.006764E-1
-4.890255E-1
1.181596E-1
6.790339E-1
9.826264E-1
9.002962E-1
4.732085E-1
-1.391222E-1
-6.845597E-1
-9.881522E-1
-9.109676E-1
-4.890255E-1
1.181596E-1
6.841795E-1
9.877721E-1
9.208788E-1
4.937910E-1
-1.185397E-1
-6.845597E-1
-9.830065E-1
-9.058220E-1
-4.838798E-1
1.284508E-1
6.893252E-1
9.671895E-1
8.900050E-1
4.732085E-1
-1.339766E-1
-6.845597E-1
-9.778609E-1
-9.058220E-1
-4.787342E-1
1.233052E-1
6.893252E-1
9.929177E-1
9.157331E-1
4.834997E-1
-1.339766E-1
-6.845597E-1
-9.830065E-1
-9.058220E-1
-4.787342E-1
1.181596E-1
6.635970E-1
9.774808E-1
9.002962E-1
4.886454E-1
-1.236853E-1
-6.845597E-1
-9.830065E-1
-9.006764E-1
-4.890255E-1
1.335965E-1
6.944708E-1
9.826264E-1
9.105875E-1
4.783541E-1
-1.288310E-1
-6.845597E-1
-9.830065E-1
-9.058220E-1
-4.890255E-1
1.078683E-1
6.790339E-1
9.774808E-1
9.002962E-1
4.783541E-1
-1.288310E-1
-6.897053E-1
-9.778609E-1
-9.109676E-1
-4.632973E-1
1.438877E-1
6.841795E-1
9.774808E-1
9.054419E-1
4.783541E-1
-1.236853E-1
-6.845597E-1
-9.830065E-1
-9.161133E-1
-4.993168E-1
1.181596E-1
6.841795E-1
9.723351E-1
9.054419E-1
4.783541E-1
-1.339766E-1
-6.897053E-1
-9.778609E-1
-8.955307E-1
-4.684429E-1
1.335965E-1
6.841795E-1
9.774808E-1
9.105875E-1
4.834997E-1
-1.288310E-1
-6.845597E-1
-9.881522E-1
-9.264045E-1
-4.941711E-1
1.233052E-1
6.841795E-1
9.774808E-1
9.054419E-1
4.886454E-1
-1.339766E-1
-6.845597E-1
-9.675696E-1
-8.903851E-1
-4.787342E-1
1.233052E-1
6.893252E-1
9.826264E-1
9.054419E-1
4.783541E-1
-1.288310E-1
-6.897053E-1
-9.984434E-1
-9.212589E-1
-4.890255E-1
1.284508E-1
6.841795E-1
9.774808E-1
9.054419E-1
4.834997E-1
-1.185397E-1
-6.794140E-1
-9.675696E-1
-8.903851E-1
-4.787342E-1
1.284508E-1
6.790339E-1
9.826264E-1
9.054419E-1
4.783541E-1
-1.339766E-1
-6.897053E-1
-9.984434E-1
-9.212589E-1
-4.838798E-1
1.233052E-1
6.790339E-1
9.774808E-1
9.002962E-1
4.732085E-1
-1.236853E-1
-6.794140E-1
-9.675696E-1
-9.058220E-1
-4.838798E-1
1.284508E-1
6.790339E-1
9.826264E-1
9.054419E-1
4.783541E-1
-1.288310E-1
-6.948509E-1
-9.984434E-1
-9.161133E-1
-4.838798E-1
1.284508E-1
6.790339E-1
9.774808E-1
9.105875E-1
4.834997E-1
-1.339766E-1
-6.794140E-1
-9.727153E-1
-9.006764E-1
-4.838798E-1
1.284508E-1
6.790339E-1
9.774808E-1
9.054419E-1
4.783541E-1
-1.236853E-1
-6.897053E-1
-9.984434E-1
-9.212589E-1
-4.838798E-1
1.233052E-1
6.841795E-1
9.774808E-1
9.054419E-1
4.783541E-1
-1.288310E-1
-6.742684E-1
-9.675696E-1
-9.006764E-1
-4.787342E-1
1.284508E-1
6.841795E-1
9.774808E-1
9.002962E-1
4.834997E-1
-1.391222E-1
-6.999966E-1
-9.984434E-1
-9.058220E-1
-4.838798E-1
1.233052E-1
6.790339E-1
9.774808E-1
9.054419E-1
4.783541E-1
-1.133941E-1
-6.691227E-1
-9.830065E-1
-9.006764E-1
-4.838798E-1
1.233052E-1
6.841795E-1
9.877721E-1
9.054419E-1
4.732085E-1
-1.442679E-1
-6.948509E-1
-9.881522E-1
-9.058220E-1
-4.838798E-1
1.284508E-1
6.841795E-1
9.826264E-1
9.105875E-1
4.989366E-1
-1.133941E-1
-6.897053E-1
-9.830065E-1
-9.058220E-1
-4.838798E-1
1.233052E-1
6.841795E-1
9.826264E-1
8.848593E-1
4.629172E-1
-1.391222E-1
-6.845597E-1
-9.830065E-1
-8.955307E-1
-4.838798E-1
1.233052E-1
6.841795E-1
9.774808E-1
9.208788E-1
4.937910E-1
-1.185397E-1
-6.794140E-1
-9.830065E-1
-9.006764E-1
-4.787342E-1
1.233052E-1
6.841795E-1
9.671895E-1
8.900050E-1
4.732085E-1
-1.288310E-1
-6.897053E-1
-9.830065E-1
-9.006764E-1
-4.787342E-1
1.284508E-1
6.841795E-1
9.929177E-1
9.157331E-1
4.834997E-1
-1.288310E-1
-6.897053E-1
-9.778609E-1
-9.109676E-1
-4.838798E-1
1.335965E-1
6.790339E-1
9.723351E-1
8.900050E-1
4.783541E-1
-1.288310E-1
-6.845597E-1
-9.830065E-1
-9.006764E-1
-4.838798E-1
1.233052E-1
6.841795E-1
9.826264E-1
9.208788E-1
4.834997E-1
-1.185397E-1
-6.794140E-1
-9.830065E-1
-9.109676E-1
-4.838798E-1
1.233052E-1
6.790339E-1
9.568982E-1
8.900050E-1
4.783541E-1
-1.339766E-1
-6.845597E-1
-9.830065E-1
-9.109676E-1
-4.787342E-1
1.233052E-1
6.841795E-1
9.929177E-1
9.157331E-1
4.834997E-1
-1.236853E-1
-6.897053E-1
-9.830065E-1
-9.006764E-1
-4.838798E-1
1.284508E-1
6.841795E-1
9.671895E-1
8.951506E-1
4.680628E-1
-1.339766E-1
-6.845597E-1
-9.830065E-1
-9.058220E-1
-4.787342E-1
1.181596E-1
6.841795E-1
9.929177E-1
9.157331E-1
4.834997E-1
-1.339766E-1
-6.897053E-1
-9.830065E-1
-9.058220E-1
-4.838798E-1
1.233052E-1
6.738883E-1
9.723351E-1
8.951506E-1
4.834997E-1
-1.236853E-1
-6.845597E-1
-9.881522E-1
-9.006764E-1
-4.890255E-1
1.284508E-1
6.944708E-1
9.980633E-1
9.157331E-1
4.783541E-1
-1.236853E-1
-6.897053E-1
-9.932978E-1
-9.058220E-1
-4.838798E-1
1.284508E-1
6.738883E-1
9.723351E-1
9.002962E-1
4.783541E-1
-1.236853E-1
-6.845597E-1
-9.830065E-1
-9.058220E-1
-4.787342E-1
1.284508E-1
6.996164E-1
9.929177E-1
9.054419E-1
4.783541E-1
-1.339766E-1
-6.845597E-1
-9.830065E-1
-9.058220E-1
-4.838798E-1
1.181596E-1
6.635970E-1
9.774808E-1
8.951506E-1
4.834997E-1
-1.236853E-1
-6.845597E-1
-9.881522E-1
-9.058220E-1
-4.787342E-1
1.233052E-1
6.996164E-1
1.003209E+0
9.105875E-1
4.886454E-1
-1.185397E-1
-6.897053E-1
-9.830065E-1
-9.058220E-1
-4.838798E-1
1.335965E-1
6.790339E-1
9.671895E-1
8.848593E-1
4.732085E-1
-1.288310E-1
-6.897053E-1
-9.830065E-1
-9.006764E-1
-4.941711E-1
1.233052E-1
6.841795E-1
9.774808E-1
9.157331E-1
4.886454E-1
-1.133941E-1
-6.845597E-1
-9.932978E-1
-9.058220E-1
-4.787342E-1
1.233052E-1
6.790339E-1
9.774808E-1
8.848593E-1
4.680628E-1
-1.288310E-1
-6.845597E-1
-9.830065E-1
-9.006764E-1
-4.838798E-1
1.233052E-1
6.893252E-1
9.826264E-1
9.157331E-1
4.937910E-1
-1.236853E-1
-6.845597E-1
-9.830065E-1
-9.006764E-1
-4.787342E-1
1.233052E-1
6.893252E-1
9.877721E-1
8.900050E-1
4.783541E-1
-1.339766E-1
-6.845597E-1
-9.778609E-1
-9.058220E-1
-4.787342E-1
1.284508E-1
6.841795E-1
9.877721E-1
9.157331E-1
4.937910E-1
-1.236853E-1
-6.794140E-1
-9.830065E-1
-9.058220E-1
-4.838798E-1
1.284508E-1
6.738883E-1
9.620439E-1
9.002962E-1
4.732085E-1
-1.288310E-1
-6.845597E-1
-9.881522E-1
-9.058220E-1
-4.787342E-1
1.284508E-1
6.944708E-1
9.929177E-1
9.157331E-1
4.783541E-1
-1.339766E-1
-6.794140E-1
-9.830065E-1
-9.058220E-1
-4.787342E-1
1.335965E-1
6.738883E-1
9.671895E-1
8.951506E-1
4.834997E-1
-1.236853E-1
-6.794140E-1
-9.830065E-1
-9.109676E-1
-4.838798E-1
1.335965E-1
6.944708E-1
9.877721E-1
9.054419E-1
4.834997E-1
-1.236853E-1
-6.845597E-1
-9.830065E-1
-9.109676E-1
-4.941711E-1
1.130139E-1
6.790339E-1
9.774808E-1
9.054419E-1
4.834997E-1
-1.288310E-1
-6.845597E-1
-9.830065E-1
-9.058220E-1
-4.735886E-1
1.438877E-1
6.944708E-1
9.774808E-1
9.054419E-1
4.834997E-1
-1.339766E-1
-6.845597E-1
-9.830065E-1
-9.058220E-1
-4.993168E-1
1.181596E-1
6.790339E-1
9.826264E-1
9.054419E-1
4.783541E-1
-1.236853E-1
-6.845597E-1
-9.830065E-1
-8.955307E-1
-4.684429E-1
1.335965E-1
6.790339E-1
9.774808E-1
9.002962E-1
4.783541E-1
-1.236853E-1
-6.897053E-1
-9.881522E-1
-9.212589E-1
-4.941711E-1
1.233052E-1
6.841795E-1
9.826264E-1
9.105875E-1
4.834997E-1
-1.236853E-1
-6.794140E-1
-9.778609E-1
-8.955307E-1
-4.735886E-1
1.284508E-1
6.893252E-1
9.774808E-1
9.054419E-1
4.783541E-1
-1.288310E-1
-6.897053E-1
-9.830065E-1
-9.212589E-1
-4.941711E-1
1.181596E-1
6.790339E-1
9.774808E-1
9.002962E-1
4.783541E-1
-1.236853E-1
-6.897053E-1
-9.830065E-1
-8.955307E-1
-4.684429E-1
1.335965E-1
6.841795E-1
9.826264E-1
9.054419E-1
4.783541E-1
-1.288310E-1
-6.897053E-1
-9.778609E-1
-9.161133E-1
-5.044624E-1
1.233052E-1
6.893252E-1
9.774808E-1
9.002962E-1
4.783541E-1
-1.288310E-1
-6.794140E-1
-9.727153E-1
-8.955307E-1
-4.787342E-1
1.335965E-1
6.841795E-1
9.774808E-1
9.002962E-1
4.783541E-1
-1.236853E-1
-6.897053E-1
-9.778609E-1
-9.058220E-1
-4.993168E-1
1.233052E-1
6.790339E-1
9.774808E-1
9.054419E-1
4.783541E-1
-1.288310E-1
-6.794140E-1
-9.830065E-1
-8.955307E-1
-4.684429E-1
1.284508E-1
6.841795E-1
9.774808E-1
9.002962E-1
4.834997E-1
-1.236853E-1
-6.794140E-1
-9.881522E-1
-9.264045E-1
-4.890255E-1
1.233052E-1
6.841795E-1
9.826264E-1
8.951506E-1
4.834997E-1
-1.288310E-1
-6.845597E-1
-9.727153E-1
-8.903851E-1
-4.787342E-1
1.335965E-1
6.790339E-1
9.826264E-1
9.002962E-1
4.834997E-1
-1.236853E-1
-6.999966E-1
-9.984434E-1
-9.109676E-1
-4.941711E-1
1.284508E-1
6.893252E-1
9.774808E-1
9.054419E-1
4.834997E-1
-1.236853E-1
-6.691227E-1
-9.675696E-1
-9.006764E-1
-4.890255E-1
1.233052E-1
6.841795E-1
9.774808E-1
9.054419E-1
4.834997E-1
-1.288310E-1
-6.948509E-1
-9.932978E-1
-9.161133E-1
-4.838798E-1
1.335965E-1
6.841795E-1
9.826264E-1
9.054419E-1
4.783541E-1
-1.185397E-1
-6.742684E-1
-9.727153E-1
-9.058220E-1
-4.838798E-1
1.284508E-1
6.790339E-1
9.826264E-1
9.054419E-1
4.783541E-1
-1.339766E-1
-7.051422E-1
-9.932978E-1
-9.058220E-1
-4.787342E-1
1.233052E-1
6.790339E-1
9.774808E-1
9.054419E-1
4.834997E-1
-1.185397E-1
-6.639771E-1
-9.830065E-1
-9.006764E-1
-4.787342E-1
1.233052E-1
6.841795E-1
9.877721E-1
9.105875E-1
4.834997E-1
-1.391222E-1
-6.948509E-1
-9.881522E-1
-9.109676E-1
-4.838798E-1
1.233052E-1
6.841795E-1
9.826264E-1
9.054419E-1
4.834997E-1
-1.133941E-1
-6.742684E-1
-9.830065E-1
-9.109676E-1
-4.787342E-1
1.181596E-1
6.790339E-1
9.826264E-1
9.002962E-1
4.783541E-1
-1.442679E-1
-6.999966E-1
-9.932978E-1
-9.109676E-1
-4.787342E-1
1.284508E-1
6.841795E-1
9.826264E-1
9.054419E-1
4.834997E-1
-1.082484E-1
-6.794140E-1
-9.830065E-1
-9.058220E-1
-4.787342E-1
1.233052E-1
6.841795E-1
9.774808E-1
9.054419E-1
4.732085E-1
-1.442679E-1
-6.948509E-1
-9.830065E-1
-9.058220E-1
-4.787342E-1
1.284508E-1
6.944708E-1
9.826264E-1
9.054419E-1
4.886454E-1
-1.133941E-1
-6.742684E-1
-9.778609E-1
-9.058220E-1
-4.787342E-1
1.233052E-1
6.893252E-1
9.774808E-1
8.951506E-1
4.783541E-1
-1.442679E-1
-6.948509E-1
-9.830065E-1
-9.058220E-1
-4.890255E-1
1.284508E-1
6.841795E-1
9.774808E-1
9.054419E-1
4.937910E-1
-1.082484E-1
-6.742684E-1
-9.778609E-1
-9.058220E-1
-4.838798E-1
1.284508E-1
6.841795E-1
9.826264E-1
9.002962E-1
4.732085E-1
-1.442679E-1
-6.948509E-1
-9.881522E-1
-9.006764E-1
-4.838798E-1
1.284508E-1
6.893252E-1
9.826264E-1
9.054419E-1
4.834997E-1
-1.133941E-1
-6.742684E-1
-9.778609E-1
-9.006764E-1
-4.838798E-1
1.284508E-1
6.841795E-1
9.723351E-1
9.002962E-1
4.834997E-1
-1.494135E-1
-6.897053E-1
-9.881522E-1
-9.109676E-1
-4.838798E-1
1.233052E-1
6.790339E-1
9.774808E-1
9.105875E-1
4.886454E-1
-1.082484E-1
-6.742684E-1
-9.830065E-1
-9.109676E-1
-4.838798E-1
1.284508E-1
6.790339E-1
9.826264E-1
9.105875E-1
4.732085E-1
-1.494135E-1
-6.948509E-1
-9.881522E-1
-9.058220E-1
-4.838798E-1
1.335965E-1
6.790339E-1
9.826264E-1
9.054419E-1
4.886454E-1
-1.185397E-1
-6.845597E-1
-9.830065E-1
-9.109676E-1
-4.787342E-1
1.233052E-1
6.841795E-1
9.826264E-1
9.002962E-1
4.629172E-1
-1.339766E-1
-6.897053E-1
-9.830065E-1
-9.058220E-1
-4.890255E-1
1.233052E-1
6.790339E-1
9.826264E-1
9.260244E-1
4.886454E-1
-1.288310E-1
-6.794140E-1
-9.881522E-1
-9.109676E-1
-4.838798E-1
1.233052E-1
6.893252E-1
9.723351E-1
8.848593E-1
4.783541E-1
-1.236853E-1
-6.948509E-1
-9.881522E-1
-9.006764E-1
-4.838798E-1
1.233052E-1
6.841795E-1
9.980633E-1
9.054419E-1
4.834997E-1
-1.236853E-1
-6.845597E-1
-9.830065E-1
-9.109676E-1
-4.787342E-1
1.181596E-1
6.635970E-1
9.774808E-1
9.002962E-1
4.783541E-1
-1.236853E-1
-6.845597E-1
-9.830065E-1
-9.109676E-1
-4.787342E-1
1.284508E-1
6.996164E-1
9.929177E-1
9.054419E-1
4.783541E-1
-1.236853E-1
-6.845597E-1
-9.881522E-1
-9.006764E-1
-4.838798E-1
1.130139E-1
6.687426E-1
9.774808E-1
9.002962E-1
4.783541E-1
-1.339766E-1
-6.845597E-1
-9.881522E-1
-8.955307E-1
-4.787342E-1
1.284508E-1
6.996164E-1
9.877721E-1
9.054419E-1
4.834997E-1
-1.185397E-1
-6.794140E-1
-9.881522E-1
-9.109676E-1
-4.838798E-1
1.130139E-1
6.687426E-1
9.774808E-1
9.054419E-1
4.834997E-1
-1.288310E-1
-6.897053E-1
-9.830065E-1
-9.109676E-1
-4.838798E-1
1.387421E-1
6.944708E-1
9.826264E-1
9.105875E-1
4.834997E-1
-1.288310E-1
-6.948509E-1
-9.778609E-1
-9.058220E-1
-4.993168E-1
1.233052E-1
6.790339E-1
9.774808E-1
9.002962E-1
4.783541E-1
-1.236853E-1
-6.845597E-1
-9.830065E-1
-8.903851E-1
-4.735886E-1
1.387421E-1
6.841795E-1
9.774808E-1
9.105875E-1
4.834997E-1
-1.236853E-1
-6.845597E-1
-9.932978E-1
-9.264045E-1
-4.941711E-1
1.233052E-1
6.790339E-1
9.826264E-1
9.054419E-1
4.834997E-1
-1.288310E-1
-6.794140E-1
-9.727153E-1
-8.955307E-1
-4.735886E-1
1.233052E-1
6.790339E-1
9.774808E-1
9.054419E-1
4.783541E-1
-1.288310E-1
-6.948509E-1
-9.984434E-1
-9.161133E-1
-4.838798E-1
1.181596E-1
6.841795E-1
9.826264E-1
9.002962E-1
4.783541E-1
-1.236853E-1
-6.845597E-1
-9.675696E-1
-8.903851E-1
-4.787342E-1
1.233052E-1
6.790339E-1
9.877721E-1
9.054419E-1
4.783541E-1
-1.236853E-1
-6.948509E-1
-9.984434E-1
-9.161133E-1
-4.890255E-1
1.284508E-1
6.841795E-1
9.826264E-1
9.054419E-1
4.783541E-1
-1.236853E-1
-6.845597E-1
-9.675696E-1
-8.955307E-1
-4.787342E-1
1.284508E-1
6.841795E-1
9.826264E-1
9.002962E-1
4.834997E-1
-1.288310E-1
-6.897053E-1
-9.830065E-1
-9.161133E-1
-4.941711E-1
1.284508E-1
6.790339E-1
9.774808E-1
9.054419E-1
4.834997E-1
-1.236853E-1
-6.794140E-1
-9.830065E-1
-8.903851E-1
-4.735886E-1
1.284508E-1
6.893252E-1
9.826264E-1
9.002962E-1
4.886454E-1
-1.288310E-1
-6.897053E-1
-9.881522E-1
-9.212589E-1
-4.993168E-1
1.181596E-1
6.841795E-1
9.826264E-1
9.054419E-1
4.834997E-1
-1.236853E-1
-6.845597E-1
-9.778609E-1
-8.955307E-1
-4.684429E-1
1.284508E-1
6.841795E-1
9.774808E-1
9.002962E-1
4.834997E-1
-1.288310E-1
-6.845597E-1
-9.830065E-1
-9.212589E-1
-4.941711E-1
1.181596E-1
6.790339E-1
9.877721E-1
9.054419E-1
4.834997E-1
-1.236853E-1
-6.794140E-1
-9.830065E-1
-8.955307E-1
-4.684429E-1
1.335965E-1
6.841795E-1
9.826264E-1
9.105875E-1
4.834997E-1
-1.236853E-1
-6.845597E-1
-9.984434E-1
-9.161133E-1
-4.890255E-1
1.284508E-1
6.893252E-1
9.826264E-1
9.105875E-1
4.783541E-1
-1.339766E-1
-6.794140E-1
-9.624240E-1
-9.006764E-1
-4.787342E-1
1.233052E-1
6.841795E-1
9.774808E-1
9.002962E-1
4.732085E-1
-1.288310E-1
-6.845597E-1
-9.984434E-1
-9.109676E-1
-4.787342E-1
1.284508E-1
6.841795E-1
9.826264E-1
9.105875E-1
4.783541E-1
-1.288310E-1
-6.742684E-1
-9.727153E-1
-9.109676E-1
-4.787342E-1
1.233052E-1
6.790339E-1
9.826264E-1
9.105875E-1
4.834997E-1
-1.236853E-1
-6.999966E-1
-9.984434E-1
-9.109676E-1
-4.787342E-1
1.335965E-1
6.841795E-1
9.774808E-1
9.002962E-1
4.834997E-1
-1.082484E-1
-6.742684E-1
-9.778609E-1
-9.058220E-1
-4.787342E-1
1.284508E-1
6.841795E-1
9.774808E-1
9.054419E-1
4.732085E-1
-1.391222E-1
-6.897053E-1
-9.830065E-1
-9.058220E-1
-4.890255E-1
1.233052E-1
6.738883E-1
9.826264E-1
9.054419E-1
4.989366E-1
-1.133941E-1
-6.794140E-1
-9.830065E-1
-9.006764E-1
-4.838798E-1
1.284508E-1
6.841795E-1
9.877721E-1
8.951506E-1
4.680628E-1
-1.339766E-1
-6.897053E-1
-9.881522E-1
-9.006764E-1
-4.787342E-1
1.233052E-1
6.790339E-1
9.826264E-1
9.105875E-1
4.886454E-1
-1.185397E-1
-6.845597E-1
-9.881522E-1
-9.058220E-1
-4.787342E-1
1.284508E-1
6.893252E-1
9.774808E-1
8.848593E-1
4.680628E-1
-1.288310E-1
-6.845597E-1
-9.932978E-1
-9.006764E-1
-4.890255E-1
1.233052E-1
6.841795E-1
9.826264E-1
9.208788E-1
4.886454E-1
-1.236853E-1
-6.897053E-1
-9.932978E-1
-9.006764E-1
-4.838798E-1
1.233052E-1
6.893252E-1
9.774808E-1
8.848593E-1
4.732085E-1
-1.339766E-1
-6.897053E-1
-9.830065E-1
-9.006764E-1
-4.890255E-1
1.233052E-1
6.841795E-1
9.774808E-1
9.157331E-1
4.937910E-1
-1.236853E-1
-6.845597E-1
-9.830065E-1
-9.006764E-1
-4.838798E-1
1.233052E-1
6.841795E-1
9.723351E-1
8.848593E-1
4.732085E-1
-1.236853E-1
-6.845597E-1
-9.830065E-1
-9.058220E-1
-4.838798E-1
1.284508E-1
6.841795E-1
9.929177E-1
9.208788E-1
4.886454E-1
-1.236853E-1
-6.897053E-1
-9.830065E-1
-9.006764E-1
-4.838798E-1
1.284508E-1
6.841795E-1
9.723351E-1
8.951506E-1
4.732085E-1
-1.288310E-1
-6.794140E-1
-9.778609E-1
-9.006764E-1
-4.787342E-1
1.284508E-1
6.996164E-1
9.877721E-1
9.105875E-1
4.834997E-1
-1.236853E-1
-6.845597E-1
-9.830065E-1
-9.058220E-1
-4.838798E-1
1.233052E-1
6.635970E-1
9.723351E-1
9.054419E-1
4.834997E-1
-1.236853E-1
-6.845597E-1
-9.881522E-1
-9.109676E-1
-4.787342E-1
1.284508E-1
6.944708E-1
9.877721E-1
9.054419E-1
4.834997E-1
-1.288310E-1
-6.845597E-1
-9.881522E-1
-9.058220E-1
-4.787342E-1
1.181596E-1
6.635970E-1
9.774808E-1
9.002962E-1
4.783541E-1
-1.236853E-1
-6.845597E-1
-9.830065E-1
-9.058220E-1
-4.787342E-1
1.335965E-1
6.893252E-1
9.877721E-1
9.054419E-1
4.783541E-1
-1.236853E-1
-6.845597E-1
-9.932978E-1
-9.006764E-1
-4.838798E-1
1.130139E-1
6.687426E-1
9.774808E-1
9.054419E-1
4.834997E-1
-1.236853E-1
-6.794140E-1
-9.881522E-1
-9.006764E-1
-4.684429E-1
1.438877E-1
6.944708E-1
9.877721E-1
9.002962E-1
4.886454E-1
-1.236853E-1
-6.845597E-1
-9.881522E-1
-9.006764E-1
-4.787342E-1
1.078683E-1
6.635970E-1
9.774808E-1
8.951506E-1
4.834997E-1
-1.185397E-1
-6.794140E-1
-9.778609E-1
-9.006764E-1
-4.838798E-1
1.438877E-1
6.944708E-1
9.826264E-1
9.105875E-1
4.834997E-1
-1.236853E-1
-6.897053E-1
-9.778609E-1
-9.058220E-1
-4.890255E-1
1.130139E-1
6.635970E-1
9.826264E-1
9.002962E-1
4.783541E-1
-1.236853E-1
-6.897053E-1
-9.830065E-1
-9.006764E-1
-4.890255E-1
1.438877E-1
6.944708E-1
9.826264E-1
9.002962E-1
4.783541E-1
-1.288310E-1
-6.845597E-1
-9.830065E-1
-9.058220E-1
-4.890255E-1
1.078683E-1
6.790339E-1
9.774808E-1
9.002962E-1
4.886454E-1
-1.288310E-1
-6.794140E-1
-9.830065E-1
-9.006764E-1
-4.735886E-1
1.387421E-1
6.841795E-1
9.826264E-1
9.002962E-1
4.834997E-1
-1.236853E-1
-6.897053E-1
-9.881522E-1
-9.109676E-1
-4.993168E-1
1.130139E-1
6.790339E-1
9.826264E-1
9.054419E-1
4.834997E-1
-1.288310E-1
-6.948509E-1
-9.830065E-1
-9.109676E-1
-4.632973E-1
1.387421E-1
6.893252E-1
9.774808E-1
9.054419E-1
4.783541E-1
-1.236853E-1
-6.897053E-1
-9.778609E-1
-9.109676E-1
-4.993168E-1
1.130139E-1
6.841795E-1
9.774808E-1
9.054419E-1
4.834997E-1
-1.288310E-1
-6.897053E-1
-9.881522E-1
-8.955307E-1
-4.684429E-1
1.387421E-1
6.790339E-1
9.774808E-1
9.105875E-1
4.783541E-1
-1.288310E-1
-6.897053E-1
-9.830065E-1
-9.212589E-1
-4.993168E-1
1.233052E-1
6.893252E-1
9.826264E-1
9.054419E-1
4.834997E-1
-1.288310E-1
-6.845597E-1
-9.830065E-1
-9.006764E-1
-4.735886E-1
1.387421E-1
6.841795E-1
9.826264E-1
9.002962E-1
4.783541E-1
-1.339766E-1
-6.794140E-1
-9.830065E-1
-9.264045E-1
-4.993168E-1
1.130139E-1
6.790339E-1
9.723351E-1
9.054419E-1
4.783541E-1
-1.288310E-1
-6.897053E-1
-9.778609E-1
-8.955307E-1
-4.684429E-1
1.335965E-1
6.790339E-1
9.826264E-1
9.002962E-1
4.783541E-1
-1.288310E-1
-6.845597E-1
-9.881522E-1
-9.161133E-1
-4.890255E-1
1.233052E-1
6.790339E-1
9.826264E-1
9.054419E-1
4.834997E-1
-1.236853E-1
-6.897053E-1
-9.778609E-1
-8.852395E-1
-4.787342E-1
1.284508E-1
6.841795E-1
9.774808E-1
9.002962E-1
4.834997E-1
-1.185397E-1
-6.845597E-1
-9.984434E-1
-9.161133E-1
-4.838798E-1
1.130139E-1
6.790339E-1
9.826264E-1
9.054419E-1
4.834997E-1
-1.288310E-1
-6.794140E-1
-9.675696E-1
-8.955307E-1
-4.787342E-1
1.284508E-1
6.841795E-1
9.877721E-1
9.002962E-1
4.834997E-1
-1.288310E-1
-7.051422E-1
-9.984434E-1
-9.109676E-1
-4.838798E-1
1.284508E-1
6.841795E-1
9.774808E-1
9.054419E-1
4.834997E-1
-1.185397E-1
-6.691227E-1
-9.778609E-1
-9.006764E-1
-4.838798E-1
1.233052E-1
6.893252E-1
9.774808E-1
9.054419E-1
4.783541E-1
-1.339766E-1
-6.948509E-1
-9.881522E-1
-9.109676E-1
-4.787342E-1
1.233052E-1
6.841795E-1
9.826264E-1
9.054419E-1
4.886454E-1
-1.133941E-1
-6.691227E-1
-9.778609E-1
-9.109676E-1
-4.735886E-1
1.284508E-1
6.841795E-1
9.826264E-1
9.105875E-1
4.783541E-1
-1.339766E-1
-6.999966E-1
-9.984434E-1
-9.058220E-1
-4.838798E-1
1.284508E-1
6.790339E-1
9.826264E-1
9.054419E-1
4.783541E-1
-1.236853E-1
-6.691227E-1
-9.727153E-1
-9.006764E-1
-4.735886E-1
1.284508E-1
6.841795E-1
9.774808E-1
9.002962E-1
4.834997E-1
-1.391222E-1
-6.948509E-1
-9.932978E-1
-9.161133E-1
-4.787342E-1
1.233052E-1
6.841795E-1
9.774808E-1
9.002962E-1
4.834997E-1
-1.082484E-1
-6.742684E-1
-9.830065E-1
-9.109676E-1
-4.838798E-1
1.181596E-1
6.790339E-1
9.877721E-1
9.054419E-1
4.680628E-1
-1.391222E-1
-6.948509E-1
-9.830065E-1
-9.058220E-1
-4.838798E-1
1.284508E-1
6.790339E-1
9.774808E-1
9.054419E-1
4.886454E-1
-1.082484E-1
-6.794140E-1
-9.778609E-1
-9.006764E-1
-4.787342E-1
1.233052E-1
6.738883E-1
9.774808E-1
9.105875E-1
4.732085E-1
-1.391222E-1
-6.948509E-1
-9.881522E-1
-9.006764E-1
-4.890255E-1
1.284508E-1
6.790339E-1
9.826264E-1
9.054419E-1
4.834997E-1
-1.082484E-1
-6.742684E-1
-9.881522E-1
-9.058220E-1
-4.838798E-1
1.284508E-1
6.841795E-1
9.774808E-1
9.054419E-1
4.680628E-1
-1.442679E-1
-6.948509E-1
-9.830065E-1
-9.006764E-1
-4.890255E-1
1.233052E-1
6.841795E-1
9.774808E-1
8.951506E-1
4.886454E-1
-1.082484E-1
-6.794140E-1
-9.830065E-1
-9.058220E-1
-4.838798E-1
1.181596E-1
6.790339E-1
9.826264E-1
9.002962E-1
4.834997E-1
-1.391222E-1
-6.999966E-1
-9.881522E-1
-9.058220E-1
-4.890255E-1
1.335965E-1
6.841795E-1
9.877721E-1
9.002962E-1
4.834997E-1
-1.185397E-1
-6.742684E-1
-9.727153E-1
-9.006764E-1
-4.787342E-1
1.233052E-1
6.841795E-1
9.826264E-1
9.002962E-1
4.783541E-1
-1.236853E-1
-6.897053E-1
-9.932978E-1
-9.212589E-1
-4.890255E-1
1.233052E-1
6.790339E-1
9.826264E-1
9.054419E-1
4.834997E-1
-1.236853E-1
-6.845597E-1
-9.727153E-1
-8.903851E-1
-4.787342E-1
1.284508E-1
6.790339E-1
9.774808E-1
9.054419E-1
4.783541E-1
-1.288310E-1
-6.897053E-1
-9.932978E-1
-9.264045E-1
-4.941711E-1
1.284508E-1
6.893252E-1
9.774808E-1
9.054419E-1
4.834997E-1
-1.339766E-1
-6.794140E-1
-9.778609E-1
-8.955307E-1
-4.735886E-1
1.284508E-1
6.841795E-1
9.826264E-1
9.054419E-1
4.834997E-1
-1.236853E-1
-6.845597E-1
-9.881522E-1
-9.212589E-1
-4.941711E-1
1.130139E-1
6.790339E-1
9.774808E-1
9.054419E-1
4.834997E-1
-1.236853E-1
-6.845597E-1
-9.727153E-1
-8.955307E-1
-4.787342E-1
1.233052E-1
6.841795E-1
9.826264E-1
9.054419E-1
4.834997E-1
-1.288310E-1
-6.948509E-1
-9.984434E-1
-9.161133E-1
-4.890255E-1
1.233052E-1
6.841795E-1
9.826264E-1
9.002962E-1
4.783541E-1
-1.236853E-1
-6.794140E-1
-9.727153E-1
-8.852395E-1
-4.787342E-1
1.284508E-1
6.893252E-1
9.774808E-1
9.002962E-1
4.783541E-1
-1.236853E-1
-6.794140E-1
-9.984434E-1
-9.161133E-1
-4.941711E-1
1.181596E-1
6.790339E-1
9.826264E-1
9.054419E-1
4.783541E-1
-1.288310E-1
-6.742684E-1
-9.727153E-1
-9.006764E-1
-4.787342E-1
1.233052E-1
6.841795E-1
9.774808E-1
9.002962E-1
4.834997E-1
-1.391222E-1
-6.999966E-1
-9.881522E-1
-9.058220E-1
-4.838798E-1
1.284508E-1
6.841795E-1
9.826264E-1
9.002962E-1
4.783541E-1
-1.031028E-1
-6.794140E-1
-9.830065E-1
-9.006764E-1
-4.787342E-1
1.284508E-1
6.790339E-1
9.774808E-1
9.054419E-1
4.629172E-1
-1.288310E-1
-6.897053E-1
-9.830065E-1
-9.006764E-1
-4.838798E-1
1.233052E-1
6.841795E-1
9.826264E-1
9.054419E-1
4.989366E-1
-1.133941E-1
-6.845597E-1
-9.830065E-1
-9.109676E-1
-4.838798E-1
1.284508E-1
6.841795E-1
9.826264E-1
8.951506E-1
4.680628E-1
-1.339766E-1
-6.897053E-1
-9.830065E-1
-9.058220E-1
-4.787342E-1
1.233052E-1
6.893252E-1
9.774808E-1
9.002962E-1
4.886454E-1
-1.133941E-1
-6.742684E-1
-9.778609E-1
-9.109676E-1
-4.838798E-1
1.233052E-1
6.790339E-1
9.826264E-1
9.002962E-1
4.783541E-1
-1.339766E-1
-6.948509E-1
-9.881522E-1
-9.058220E-1
-4.941711E-1
1.233052E-1
6.841795E-1
9.877721E-1
9.054419E-1
4.834997E-1
-1.133941E-1
-6.742684E-1
-9.830065E-1
-9.006764E-1
-4.838798E-1
1.233052E-1
6.841795E-1
9.774808E-1
9.054419E-1
4.680628E-1
-1.442679E-1
-6.948509E-1
-9.830065E-1
-9.058220E-1
-4.838798E-1
1.284508E-1
6.841795E-1
9.774808E-1
9.105875E-1
4.989366E-1
-1.133941E-1
-6.845597E-1
-9.830065E-1
-9.058220E-1
-4.838798E-1
1.284508E-1
6.790339E-1
9.826264E-1
9.002962E-1
4.680628E-1
-1.391222E-1
-6.794140E-1
-9.830065E-1
-9.058220E-1
-4.787342E-1
1.233052E-1
6.841795E-1
9.877721E-1
9.105875E-1
4.886454E-1
-1.236853E-1
-6.742684E-1
-9.830065E-1
-9.109676E-1
-4.838798E-1
1.335965E-1
6.790339E-1
9.774808E-1
9.002962E-1
4.577715E-1
-1.288310E-1
-6.845597E-1
-9.830065E-1
-9.058220E-1
-4.787342E-1
1.284508E-1
6.841795E-1
9.774808E-1
9.208788E-1
4.886454E-1
-1.236853E-1
-6.794140E-1
-9.830065E-1
-9.109676E-1
-4.838798E-1
1.233052E-1
6.790339E-1
9.774808E-1
8.848593E-1
4.783541E-1
-1.339766E-1
-6.897053E-1
-9.881522E-1
-9.109676E-1
-4.787342E-1
1.284508E-1
6.790339E-1
9.774808E-1
9.260244E-1
4.937910E-1
-1.236853E-1
-6.794140E-1
-9.830065E-1
-9.058220E-1
-4.735886E-1
1.181596E-1
6.790339E-1
9.774808E-1
8.848593E-1
4.680628E-1
-1.288310E-1
-6.897053E-1
-9.830065E-1
-9.058220E-1
-4.787342E-1
1.233052E-1
6.790339E-1
9.826264E-1
9.157331E-1
4.834997E-1
-1.185397E-1
-6.948509E-1
-9.830065E-1
-9.109676E-1
-4.838798E-1
1.181596E-1
6.790339E-1
9.774808E-1
8.951506E-1
4.680628E-1
-1.288310E-1
-6.897053E-1
-9.830065E-1
-9.109676E-1
-4.838798E-1
1.284508E-1
6.841795E-1
9.929177E-1
9.105875E-1
4.834997E-1
-1.236853E-1
-6.845597E-1
-9.778609E-1
-9.058220E-1
-4.838798E-1
1.233052E-1
6.790339E-1
9.723351E-1
8.848593E-1
4.783541E-1
-1.288310E-1
-6.794140E-1
-9.830065E-1
-9.058220E-1
-4.838798E-1
1.233052E-1
6.893252E-1
9.877721E-1
9.208788E-1
4.989366E-1
-1.236853E-1
-6.845597E-1
-9.881522E-1
-9.109676E-1
-4.838798E-1
1.335965E-1
6.893252E-1
9.723351E-1
8.900050E-1
4.783541E-1
-1.339766E-1
-6.845597E-1
-9.830065E-1
-9.006764E-1
-4.838798E-1
1.335965E-1
6.841795E-1
9.877721E-1
9.157331E-1
4.834997E-1
-1.185397E-1
-6.845597E-1
-9.830065E-1
-9.058220E-1
-4.787342E-1
1.284508E-1
6.841795E-1
9.620439E-1
8.900050E-1
4.732085E-1
-1.288310E-1
-6.794140E-1
-9.778609E-1
-9.058220E-1
-4.838798E-1
1.233052E-1
6.893252E-1
9.980633E-1
9.105875E-1
4.886454E-1
-1.288310E-1
-6.845597E-1
-9.830065E-1
-9.058220E-1
-4.890255E-1
1.233052E-1
6.790339E-1
9.671895E-1
8.951506E-1
4.834997E-1
-1.339766E-1
-6.897053E-1
-9.778609E-1
-9.058220E-1
-4.787342E-1
1.284508E-1
6.996164E-1
9.980633E-1
9.054419E-1
4.834997E-1
-1.236853E-1
-6.845597E-1
-9.830065E-1
-9.161133E-1
-4.838798E-1
1.233052E-1
6.738883E-1
9.671895E-1
9.002962E-1
4.834997E-1
-1.185397E-1
-6.845597E-1
-9.778609E-1
-9.109676E-1
-4.838798E-1
1.284508E-1
6.841795E-1
9.980633E-1
9.157331E-1
4.834997E-1
-1.288310E-1
-6.897053E-1
-9.881522E-1
-9.109676E-1
-4.787342E-1
1.284508E-1
6.790339E-1
9.671895E-1
8.951506E-1
4.783541E-1
-1.288310E-1
-6.845597E-1
-9.881522E-1
-9.058220E-1
-4.787342E-1
1.284508E-1
6.841795E-1
9.929177E-1
9.208788E-1
4.834997E-1
-1.236853E-1
-6.794140E-1
-9.881522E-1
-9.109676E-1
-4.787342E-1
1.233052E-1
6.738883E-1
9.671895E-1
8.951506E-1
4.783541E-1
-1.288310E-1
-6.845597E-1
-9.881522E-1
-9.058220E-1
-4.838798E-1
1.233052E-1
6.893252E-1
9.980633E-1
9.157331E-1
4.834997E-1
-1.339766E-1
-6.794140E-1
-9.830065E-1
-9.058220E-1
-4.838798E-1
1.233052E-1
6.841795E-1
9.620439E-1
8.951506E-1
4.783541E-1
-1.236853E-1
-6.794140E-1
-9.830065E-1
-9.109676E-1
-4.787342E-1
1.233052E-1
6.738883E-1
9.826264E-1
9.208788E-1
4.886454E-1
-1.236853E-1
-6.897053E-1
-9.881522E-1
-9.109676E-1
-4.890255E-1
1.233052E-1
6.841795E-1
9.774808E-1
8.900050E-1
4.629172E-1
-1.288310E-1
-6.794140E-1
-9.830065E-1
-9.058220E-1
-4.787342E-1
1.233052E-1
6.790339E-1
9.774808E-1
9.105875E-1
4.886454E-1
-1.236853E-1
-6.845597E-1
-9.881522E-1
-9.109676E-1
-4.735886E-1
1.233052E-1
6.790339E-1
9.826264E-1
8.848593E-1
4.629172E-1
-1.288310E-1
-6.845597E-1
-9.830065E-1
-9.058220E-1
-4.838798E-1
1.181596E-1
6.841795E-1
9.826264E-1
9.105875E-1
4.937910E-1
-1.133941E-1
-6.897053E-1
-9.778609E-1
-9.006764E-1
-4.838798E-1
1.233052E-1
6.790339E-1
9.877721E-1
9.054419E-1
4.732085E-1
-1.391222E-1
-6.999966E-1
-9.830065E-1
-9.109676E-1
-4.838798E-1
1.284508E-1
6.790339E-1
9.826264E-1
9.002962E-1
4.834997E-1
-1.082484E-1
-6.691227E-1
-9.778609E-1
-9.058220E-1
-4.838798E-1
1.284508E-1
6.893252E-1
9.774808E-1
9.054419E-1
4.834997E-1
-1.442679E-1
-6.948509E-1
-9.881522E-1
-9.058220E-1
-4.787342E-1
1.233052E-1
6.790339E-1
9.774808E-1
9.105875E-1
4.783541E-1
-1.133941E-1
-6.691227E-1
-9.830065E-1
-9.058220E-1
-4.838798E-1
1.284508E-1
6.841795E-1
9.774808E-1
9.054419E-1
4.783541E-1
-1.494135E-1
-6.999966E-1
-9.881522E-1
-9.058220E-1
-4.787342E-1
1.233052E-1
6.841795E-1
9.774808E-1
9.054419E-1
4.783541E-1
-1.236853E-1
-6.691227E-1
-9.624240E-1
-9.058220E-1
-4.838798E-1
1.335965E-1
6.738883E-1
9.774808E-1
9.054419E-1
4.834997E-1
-1.236853E-1
-6.948509E-1
-9.984434E-1
-9.161133E-1
-4.838798E-1
1.233052E-1
6.790339E-1
9.826264E-1
9.054419E-1
4.783541E-1
-1.236853E-1
-6.845597E-1
-9.675696E-1
-8.903851E-1
-4.787342E-1
1.284508E-1
6.790339E-1
9.826264E-1
9.002962E-1
4.783541E-1
-1.185397E-1
-6.845597E-1
-9.984434E-1
-9.161133E-1
-4.890255E-1
1.233052E-1
6.841795E-1
9.774808E-1
9.002962E-1
4.834997E-1
-1.185397E-1
-6.794140E-1
-9.727153E-1
-8.903851E-1
-4.735886E-1
1.181596E-1
6.841795E-1
9.877721E-1
9.002962E-1
4.783541E-1
-1.288310E-1
-6.845597E-1
-9.932978E-1
-9.212589E-1
-4.941711E-1
1.233052E-1
6.790339E-1
9.723351E-1
9.054419E-1
4.834997E-1
-1.236853E-1
-6.794140E-1
-9.830065E-1
-8.955307E-1
-4.632973E-1
1.335965E-1
6.893252E-1
9.774808E-1
9.002962E-1
4.834997E-1
-1.288310E-1
-6.897053E-1
-9.778609E-1
-9.109676E-1
-4.993168E-1
1.130139E-1
6.738883E-1
9.826264E-1
9.002962E-1
4.834997E-1
-1.236853E-1
-6.948509E-1
-9.830065E-1
-9.006764E-1
-4.684429E-1
1.438877E-1
